0.017021
0.200212
0.586618
0.274512
0.115503
0.143927
0.506068
0.996164
0.179521
0.012620
0.227059
0.724896
0.191260
0.072934
0.056442
0.714959
0.042600
0.400317
0.415805
0.679866
2.002073
0.123494
0.302931
0.365584
0.426472
0.405100
0.651982
0.495607
0.795132
0.438194
0.160631
0.884798
1.224847
1.681982
0.145233
0.063886
0.121374
1.097508
2.054248
0.364062
1.224194
0.214285
0.166038
0.131610
0.331104
0.246585
2.420386
0.417310
1.408949
0.406812
0.184975
1.275708
0.747164
0.721173
0.290519
0.214963
0.191993
0.092701
1.915600
0.061076
0.699072
0.145901
1.446449
0.549244
0.123260
0.109494
0.772223
0.284594
0.044586
0.735137
1.510031
3.397155
0.063177
0.133136
0.130882
0.461893
0.487863
0.125776
0.092531
0.414312
0.755152
0.325215
0.332162
0.404569
0.138408
1.302263
1.172749
0.411246
0.050071
1.070731
0.562968
0.942714
0.072860
0.484102
0.361660
0.218544
0.848876
0.179361
0.775821
1.162507
0.037129
0.672197
1.156811
0.105525
1.807279
0.070439
0.788130
0.453359
0.218332
1.637730
0.086881
0.071340
0.290248
0.517652
0.581939
0.573144
0.423083
0.448155
0.139097
0.548658
0.321650
1.253586
0.361257
0.470861
0.386894
0.014885
1.663913
0.219751
0.200808
0.697626
0.149109
0.257359
0.338176
0.086557
0.448976
0.312373
0.171501
0.243758
0.031340
0.516658
0.213894
0.124396
0.750613
0.776600
1.001759
0.312623
0.318020
0.286425
0.029237
0.624949
0.053970
0.378835
0.499792
0.479584
0.076160
0.093590
0.519398
0.055698
0.373641
1.883561
0.974715
0.766720
0.238383
0.214758
1.433812
1.784378
0.840411
0.132979
0.221318
1.037862
1.050656
0.611594
0.049796
0.531884
0.340747
1.608595
0.063756
1.672720
0.252104
0.097105
0.566946
0.344910
0.615086
0.185669
0.061153
0.945384
0.327824
0.716152
1.544577
0.003634
0.669941
0.835934
0.783788
0.062405
0.087940
0.663289
0.046686
1.845632
1.723289
0.296021
0.947208
0.934913
0.082740
1.444664
0.347271
0.520152
1.173367
0.484338
0.472613
0.178577
0.797104
0.170984
0.801402
0.351284
0.457919
1.225493
0.218271
0.042078
0.562016
0.184223
0.046033
0.266499
0.064085
1.057657
0.378035
0.165348
0.475986
0.483314
0.148285
0.436336
0.034375
0.056154
0.279322
0.123561
0.025971
1.320520
1.003493
1.549833
0.398286
0.324101
0.147367
0.212369
0.727597
0.027724
0.951055
0.228219
1.716826
0.114379
0.296358
0.514680
0.359408
0.382999
0.028773
0.501153
0.267675
0.441444
1.229880
0.014486
0.115368
0.093877
0.471731
0.159064
0.162458
0.019754
0.338091
0.198770
1.712499
0.220846
0.166315
0.363433
0.898085
0.386350
0.992564
0.459036
0.448458
0.624805
1.708281
0.410383
1.249682
0.267517
0.113243
0.281528
1.492709
0.149602
0.032804
0.226291
0.932181
1.909410
0.249261
0.026202
0.080805
0.001650
0.195446
0.278120
0.021470
0.843676
0.702570
0.004764
0.094397
0.019179
0.373338
0.003064
0.428854
0.246082
0.466746
0.091986
0.053838
0.426653
0.650879
0.010073
2.226101
1.334057
0.299354
1.388931
0.104872
0.360753
0.179657
0.017406
0.338663
0.592768
0.044562
0.512570
0.598188
0.262813
0.035154
0.673045
0.126676
0.864562
0.691603
0.251965
0.983742
0.160990
0.257048
0.286402
0.545301
0.004409
0.463296
0.726361
0.437066
0.201768
0.770917
0.423293
0.152355
0.134914
0.355607
0.300623
0.694088
0.832468
0.332849
0.138864
0.351816
0.423562
1.076007
0.113405
1.960254
1.514573
1.429475
0.114062
0.744060
0.588662
0.457925
0.503101
1.708441
0.000892
0.036529
0.498711
0.005309
0.561278
0.253117
0.449887
0.003311
0.101211
0.089840
0.156851
0.272139
0.559530
0.638514
0.093291
0.331029
0.116105
0.266115
2.274675
0.753835
0.175813
0.106815
0.710948
0.142576
0.072527
1.644631
0.011278
0.877005
0.413388
0.534573
0.790199
0.415429
0.649420
0.276935
0.427701
0.256836
0.864439
0.092097
0.262382
0.002892
0.202249
0.565931
0.277133
0.003060
0.254333
0.452819
0.336979
0.465605
0.004229
0.326712
0.242659
0.181835
0.557510
0.077300
0.402575
0.822832
0.056003
0.428165
0.502612
0.552069
0.131970
0.279434
0.132522
1.598706
0.960099
0.824391
0.223798
0.563411
1.863644
0.732976
0.572389
0.184540
0.295936
0.056703
0.188972
0.933498
0.606890
0.817491
0.300135
0.621271
0.167584
0.903441
0.008182
1.571815
1.933448
0.421066
0.721939
0.044436
0.078029
0.253771
0.700279
0.236180
0.874840
2.147701
0.204438
0.569081
0.790145
0.596089
0.219665
0.734896
0.313289
0.018974
0.040961
1.216873
0.078004
0.249933
0.708800
0.939889
0.110593
0.117255
0.409045
0.330064
0.022957
0.427782
0.289989
0.012122
0.077839
0.114127
0.057700
0.170300
0.460783
0.992178
0.547004
0.279549
0.944906
0.000366
0.057070
0.514988
0.597296
0.311250
0.266375
0.088819
0.347210
0.338310
0.039006
0.517937
1.081657
0.894140
0.339090
0.043591
0.021346
0.026272
0.418167
0.045329
0.491941
0.003408
0.058617
0.735510
0.118413
0.123983
0.030388
0.838259
0.042857
0.643847
0.138042
1.337143
0.645174
0.214714
0.426692
0.274089
0.837037
2.172945
0.439441
0.187822
0.325723
0.539111
1.587880
0.226093
0.339181
0.299553
0.296428
0.382156
0.348461
0.007028
0.485131
0.068499
0.010484
0.657711
1.143042
0.131737
1.510548
1.576796
0.022812
0.016983
0.571902
0.168331
1.668271
0.260623
0.503886
0.386603
0.880765
0.296639
0.372756
0.266340
0.714894
0.002113
0.037777
0.634483
0.229419
0.416577
0.092909
0.844337
0.052497
0.556548
0.883611
0.637709
0.803438
0.948372
0.301037
0.598371
0.042542
0.258403
0.532286
0.067431
0.287214
0.205128
0.265525
0.256592
0.678834
0.024060
1.405729
0.423100
0.341072
0.313110
2.065368
0.147258
0.317070
0.029185
1.824559
0.908818
0.486462
0.077486
0.528965
0.639516
0.843757
0.328909
0.292038
0.476618
0.201706
1.125492
0.187224
0.266816
0.177111
1.712583
0.387930
0.664494
0.181186
1.515212
0.073478
0.023921
3.317333
0.039820
0.480741
0.339774
0.390381
0.460153
0.689682
0.005810
0.536916
0.640512
0.945711
0.164479
1.004245
0.348547
0.001011
0.571016
2.067222
0.293853
0.175019
0.189863
0.207079
0.467826
0.653705
0.507207
0.427981
0.156789
0.233118
1.056403
0.124793
0.355970
1.300615
0.123951
0.440776
0.392074
0.623643
0.068371
0.078382
0.309000
0.075037
0.813287
0.101196
2.232655
0.043719
0.025139
0.337131
0.044823
0.654416
0.321661
0.377664
0.012763
0.781296
1.017224
0.501023
0.366868
0.353251
0.116596
0.778091
1.057111
0.045565
0.004993
0.245987
0.006501
0.130358
1.833414
0.406427
1.425530
0.053930
0.604501
0.258082
0.138274
0.351500
0.441453
0.130748
0.444128
0.504553
0.637501
0.560999
0.227317
0.108473
0.114402
0.247577
2.114523
0.038313
0.011837
0.351924
0.434221
0.131589
0.174341
0.307786
0.191726
0.181432
0.942761
0.201294
0.381591
0.864936
1.093836
0.323166
1.294729
0.444979
1.056939
0.091086
0.049485
0.313354
0.252623
0.574202
0.053296
0.062336
0.220983
0.314080
0.187157
0.412476
0.972282
0.176678
0.504624
1.061576
0.812261
0.121611
0.059246
0.051225
0.562844
0.281266
0.256827
0.370981
0.717003
1.370656
0.212717
0.524155
0.265132
0.158352
0.136428
0.171796
0.288123
0.202503
0.706183
0.899811
0.008006
0.974351
1.516734
0.233495
0.195758
0.153324
1.365592
0.099786
0.412497
0.422410
0.031611
0.226874
0.771516
0.094979
0.310072
0.309799
0.462213
0.996917
2.122362
0.226978
0.803077
0.201864
0.007232
0.118426
0.462701
0.145950
0.348251
0.021257
0.441167
0.149276
1.044794
0.460738
0.061451
0.880461
1.848104
0.289568
0.048368
1.204198
0.484499
0.530610
0.327353
0.572541
0.009450
0.155082
0.964849
0.327787
0.651920
0.306290
0.211319
0.626184
0.865627
0.077758
0.023728
0.907915
0.219189
0.524876
0.047405
0.971033
0.588176
0.564492
0.060915
0.419503
0.163355
0.130910
0.252069
0.146441
0.554284
0.334889
0.089522
0.171601
0.076660
0.516884
1.793307
0.087693
1.209612
0.877568
0.513225
0.510162
0.167852
2.149115
0.218242
0.057202
0.069880
0.255448
1.453862
0.332136
0.025656
0.018256
0.209233
0.676654
0.623252
0.304996
0.185152
2.366449
0.580769
0.611153
0.140578
0.220778
0.107605
0.262986
0.521310
0.204564
0.027415
0.483500
0.343224
1.667197
0.296103
0.074460
0.463026
0.658495
0.066634
1.580077
0.916799
0.147322
0.221290
0.769869
0.674605
0.261821
0.861350
0.043051
0.080822
0.381687
0.387335
0.306920
0.372334
0.128182
0.089672
0.735265
0.437460
0.221435
0.098747
0.131056
0.591399
0.132354
0.949737
0.105496
0.109659
0.176375
0.199181
0.806771
0.014872
0.301975
0.710236
1.018072
0.616451
0.061662
0.532151
0.298109
0.370815
0.323560
0.379225
0.558775
0.005205
0.036690
0.070581
0.383359
0.176122
0.175370
0.182397
1.060117
0.530142
0.331674
0.058588
0.213259
0.631942
1.621120
0.385491
1.228912
0.149318
1.005043
0.627981
0.169472
0.192371
0.320845
0.085362
0.014163
0.445337
0.835598
0.324123
0.060116
0.170138
0.004342
0.771368
0.177469
0.041364
1.249643
0.898629
0.236035
0.120202
0.075358
0.148050
1.009953
0.490126
0.228530
0.120752
0.209449
0.198586
0.697155
0.148266
0.440887
0.481192
1.784327
1.033477
1.385438
0.294758
0.015423
1.680818
0.017827
0.923700
0.292020
0.080267
0.070079
0.299833
1.362968
0.280676
0.377940
0.956528
0.153133
1.185930
0.034172
0.258520
0.088953
1.354477
0.014458
0.377338
0.080054
0.231598
0.974623
1.151013
0.493543
0.293108
0.364867
0.457078
0.190630
0.303811
0.022786
0.213377
0.272948
0.041460
0.105193
0.994020
0.129311
0.193205
0.188469
0.088608
0.693289
0.930376
0.007441
0.006989
0.695427
0.042144
0.270297
1.227383
0.007165
0.295385
0.293452
0.088473
0.848669
0.179462
0.032066
0.293645
0.683526
0.433848
0.022140
0.032079
0.018040
0.045982
0.263408
0.304509
0.091624
0.457205
0.192208
0.251531
1.261340
0.501459
0.407911
0.554068
0.324696
0.424896
0.575543
0.129887
0.529691
0.053405
0.077095
0.550644
0.396377
0.441966
0.885194
0.226462
1.096494
1.112130
0.826177
0.501960
0.319268
0.954310
0.594876
0.354001
1.403199
0.055590
1.655047
0.056593
0.609491
0.166088
0.348918
0.489382
1.237465
0.030971
0.174106
0.249999
0.500596
1.902882
0.486751
0.168359
0.041181
0.724368
1.533580
0.492373
0.216915
0.764344
2.338808
0.137478
0.562015
0.802475
1.035557
0.079479
0.526077
0.421587
0.531149
0.446279
0.561779
0.480941
0.597686
0.238493
1.153624
0.111414
0.001790
0.847216
0.150424
0.176643
0.117712
1.114525
0.161055
0.891914
0.098165
0.218822
0.454582
0.070612
1.979290
1.489110
1.231878
1.780835
0.105059
0.445699
0.736382
0.032785
0.667582
0.273680
0.501365
0.248153
0.005995
0.184087
0.004546
0.617777
0.581337
1.201293
1.198853
0.587084
0.646972
0.092493
2.234807
1.371143
0.031605
0.153215
0.729612
0.136898
0.481657
0.226847
0.231985
0.457251
0.188322
0.168508
0.423024
0.349935
1.043821
0.208973
0.418297
0.474543
0.720114
0.111534
0.002069
0.745925
0.354580
0.006634
0.331183
0.108639
1.280015
0.249979
1.086737
0.522788
0.413143
1.038788
0.438640
0.488527
0.074654
0.216678
0.994229
0.707493
0.630084
0.133490
0.220304
0.015350
0.367417
1.310348
0.381338
0.252451
0.156568
0.052902
0.004693
0.016249
0.178580
0.006781
0.822584
0.825865
0.013507
0.172225
0.001791
1.491408
0.577328
1.102705
0.455478
0.141953
0.723152
0.100415
1.022979
1.167854
0.381376
0.661824
0.539889
0.143849
1.723343
0.008412
0.164422
0.335266
1.440595
0.840541
1.081408
0.119625
1.228026
1.123766
0.140358
0.120760
1.191961
0.026583
0.011557
1.362578
0.210163
0.013390
1.076282
0.014201
1.239777
0.328576
0.160905
0.570938
0.544760
0.078858
0.438581
0.109850
1.059070
0.140100
0.296428
0.941589
0.151264
0.650055
0.205081
0.114696
0.389707
0.125165
0.270441
0.303992
0.061534
0.543129
0.554512
0.011946
0.626407
0.590401
1.585910
0.029593
0.635399
0.922222
0.044672
0.504768
0.195457
0.223639
0.190186
2.178517
0.353158
1.153452
0.101931
0.244113
0.078209
0.499399
0.133404
0.260312
0.222500
0.422727
0.471875
1.153807
0.785335
0.014508
0.220070
1.192393
0.587405
0.013261
1.340462
0.259952
0.634951
1.101700
0.310777
0.288601
0.657377
0.397435
0.038519
0.028296
1.198410
0.247589
0.021561
0.268528
0.171927
0.128499
0.809289
0.286144
0.977048
0.018332
0.921369
0.122620
0.466511
0.301152
0.062773
0.254357
0.327974
0.321265
0.183090
0.094475
0.346786
0.135985
0.430896
0.123817
0.068308
0.020664
0.536307
0.980049
0.444393
0.658443
1.227732
0.344417
0.065378
1.566137
1.223069
0.266823
0.101065
0.627970
0.946243
0.021098
0.695536
0.587078
0.149744
0.221450
0.077375
0.236433
0.706442
0.489644
0.951323
0.032633
0.796277
0.216192
0.179271
0.234354
0.422442
0.280184
0.267794
0.129567
0.169948
0.001764
1.613343
0.113032
0.347935
0.043258
0.086412
0.267843
0.343003
0.209067
0.069588
0.212110
0.241479
1.064803
0.018664
0.513396
0.136525
0.099232
0.009404
2.702322
0.815926
1.018036
0.030240
0.459431
0.124550
0.223137
1.848803
0.782451
0.777931
0.247060
0.009679
0.040144
0.249954
1.943239
0.163892
1.125820
0.032196
0.288301
0.185174
0.409105
0.756886
0.289400
1.174308
0.088945
0.193233
1.416287
0.816895
0.409911
0.064571
0.867060
0.404835
1.299038
0.590297
0.475546
0.373919
1.223243
1.818585
0.348405
0.609195
0.719143
1.111521
0.642710
0.915712
0.167830
0.606924
0.063517
0.099169
0.724746
0.407649
0.336098
0.195847
0.205803
1.321436
0.129766
0.346954
0.143434
0.093000
0.182059
0.827426
0.171863
0.068848
0.226180
0.121967
0.861695
1.898361
0.679479
0.663904
1.510310
0.140452
0.289228
0.625698
0.073450
0.088788
0.403393
0.273879
1.003655
0.558907
0.460228
0.498426
0.131006
0.047747
1.551105
0.419564
0.010060
0.101449
0.035368
0.156882
0.217987
0.233791
0.040707
0.516753
0.348698
0.291755
0.985575
0.195530
0.272035
0.462886
0.030195
0.231691
0.944161
0.344417
0.044275
2.109772
0.540201
0.508680
0.261322
0.373476
0.186589
0.004375
0.085484
0.390396
0.052563
0.059506
0.058194
0.063751
0.175376
0.098106
0.246343
0.523779
0.401087
0.314810
0.173680
0.027633
1.199925
0.083708
0.236947
0.199409
0.709259
0.286376
0.601545
0.466467
1.358049
0.767344
0.448118
0.451205
0.274895
3.427645
0.064258
0.662858
0.003844
0.162694
0.161719
0.056834
0.247111
0.244054
0.128838
0.578856
0.415487
0.478780
0.203986
0.061662
0.043530
0.495038
0.093038
2.456236
0.763019
0.396170
0.193960
0.388843
2.044530
0.010748
0.079577
1.245137
0.819291
0.671677
0.358230
0.129822
0.669662
0.500002
1.649246
0.684493
1.203274
0.136827
0.958940
0.178215
0.491239
0.041819
2.121140
0.105357
0.596036
0.193293
0.182653
0.756577
1.488745
0.322946
0.740152
0.657795
0.011645
0.049338
0.158876
0.003143
0.061215
0.271804
1.284442
1.269006
0.086214
0.285377
0.081054
1.133408
0.034687
0.059793
0.513602
1.883880
0.217022
0.341673
0.161983
1.902362
0.428201
0.152143
0.091798
0.158536
0.437309
0.320984
0.026440
0.379705
1.493377
0.868460
0.153087
1.798063
1.249924
0.383890
1.927735
0.016848
1.553985
1.162494
1.540765
0.060344
0.205577
0.054774
0.005050
0.258873
0.121975
0.527837
0.239853
0.420349
0.079567
0.536121
0.395187
0.640842
1.263553
0.625975
2.570763
0.349672
0.104003
0.023367
0.017889
0.073871
1.018560
0.177544
0.058220
0.774403
0.900439
0.046471
0.859160
0.780692
2.353499
0.745259
1.170894
0.198811
1.053944
1.226081
0.658798
0.049899
0.417280
0.060099
0.544682
0.624228
0.737050
0.117794
0.285892
0.587410
1.288167
0.280738
0.107969
0.059248
0.322457
0.130267
0.143235
0.211475
0.375652
0.222369
0.071005
0.225567
0.296887
1.529013
0.083175
0.288775
0.650542
0.029395
0.727956
0.466044
1.770008
0.345609
0.604071
0.384930
0.473749
0.226922
0.143824
0.241691
0.427495
0.578317
0.038673
0.345235
0.061135
0.156428
0.471324
0.446266
0.344583
0.981260
1.368773
0.013303
0.123272
0.035028
0.246615
0.548703
0.010447
0.391098
0.055462
0.690039
0.457763
1.027102
0.219028
0.422778
0.231684
0.028793
0.056922
2.041095
0.273033
0.221254
0.228196
2.700593
0.021994
0.290683
0.340756
0.086062
0.618095
0.055217
0.690173
0.116292
1.662811
0.575658
0.133137
0.100785
0.696030
0.487916
0.944634
0.739456
0.090594
1.537499
0.367563
0.724968
0.873246
1.040784
0.204809
0.109361
1.338450
0.293223
0.098972
0.216933
0.807920
0.394851
0.213464
0.929946
2.167021
0.921436
0.001219
0.596017
1.461164
0.695040
1.171255
1.205316
0.285220
0.074068
0.048693
0.102996
0.715241
1.420327
1.588333
1.305421
1.128915
0.325840
0.588734
0.638341
0.218552
0.014219
1.247439
0.167960
0.319080
0.051060
0.507118
0.159423
0.515146
2.093546
0.062398
0.497103
0.875638
0.063780
0.197544
0.740609
1.022824
0.130873
0.574239
0.182229
0.229416
0.747331
0.338232
0.068934
0.631664
0.298795
0.028451
0.474292
1.320393
0.687687
0.203045
0.166194
0.746478
0.144670
0.419794
0.141864
0.214101
0.114978
0.367028
2.379057
0.105510
0.507180
0.485639
0.008415
0.707604
1.476155
0.778727
0.494200
0.098053
0.319528
1.353446
0.394888
0.142433
0.276557
0.561718
1.678681
1.038556
0.654948
0.431238
0.813301
0.324476
1.213131
0.045069
0.145644
0.088892
0.531101
0.346302
0.357898
0.982122
0.009984
0.349196
0.025636
0.535211
0.066204
0.034498
0.267441
0.037253
0.968962
0.021501
0.143756
0.198902
1.851403
0.794636
0.429119
0.255571
0.318161
0.389641
0.160722
0.112145
0.063433
0.040769
0.567105
0.015633
0.089861
1.336993
0.107624
0.854085
0.281720
0.610145
0.567443
0.299394
0.116263
0.651935
0.056953
0.201350
0.792836
0.368989
0.258158
0.526610
0.415068
0.529443
1.941086
0.387564
0.298086
0.405386
1.402934
1.261921
0.050878
0.120682
0.064352
0.121608
0.173183
0.802449
0.141633
0.305547
0.654876
0.290211
0.161514
0.087692
0.078440
1.545982
0.472587
0.217446
0.574597
0.634784
0.576248
0.325329
0.137855
0.045750
0.069335
0.817318
0.674685
0.057638
0.211051
0.105163
0.545865
0.166952
0.058002
0.715885
0.344899
0.130874
1.886401
0.782877
0.014913
0.126603
0.142718
0.712514
0.545368
0.371546
1.265141
0.828329
0.325952
0.379378
0.088303
0.088401
0.144374
0.935539
0.511316
0.338406
1.355132
0.734487
0.176016
0.560547
1.054818
0.512320
0.996657
0.391627
1.294817
1.811283
0.181344
0.275195
0.113815
0.165093
0.120619
0.132612
0.351500
0.310560
2.444053
0.092522
2.172058
1.219935
1.911941
0.313646
0.294015
0.075439
0.494456
0.594341
2.137541
0.156241
0.103600
1.260183
0.019480
0.330713
0.450266
1.244026
0.066743
0.305695
0.308103
0.025600
0.281665
0.722403
0.320455
0.502931
0.023241
0.581626
1.009594
0.399609
0.081371
0.981990
0.635150
0.073790
0.740366
0.597688
0.462124
0.122380
0.908405
0.131455
1.217975
0.867346
0.346134
0.052474
0.679564
0.385847
0.437951
0.205311
0.303209
0.616311
0.790342
1.230852
0.710205
0.127353
0.568031
0.131704
0.979945
0.644288
1.257295
0.647976
0.160555
0.035906
0.441022
2.550496
0.115651
0.222045
0.587723
0.829497
0.428658
0.376210
0.020858
0.334897
0.217180
0.388720
0.443141
0.050151
0.040708
0.093966
0.282992
0.380595
1.059304
0.128327
0.296742
0.508313
0.300028
0.067635
1.019182
0.185782
0.951422
0.777622
0.018700
0.067059
0.976512
0.487453
0.063588
0.033420
1.991368
0.832320
1.037027
0.407168
0.207392
1.233633
0.023154
0.588564
0.304038
0.501289
0.773874
0.381563
0.815831
0.123892
0.034505
0.576318
0.295147
0.361065
0.194587
1.136783
0.511941
0.106684
0.116219
0.338301
1.981754
0.139929
0.480084
0.913670
1.008260
0.667028
1.170737
0.942752
0.396301
0.752852
0.259861
1.089525
0.590979
0.299434
0.432191
0.080628
0.043670
0.227823
0.573983
1.094761
0.440262
0.691952
0.424581
0.015885
0.153049
1.125042
1.317811
1.174249
0.045373
0.072933
0.252211
0.035080
0.238886
0.006703
1.187115
0.141658
0.692969
0.832285
0.049891
0.176374
0.444419
0.346854
0.101729
0.165775
1.506402
0.719394
0.282039
0.017544
0.068911
0.060425
1.278803
0.626198
0.994746
0.341338
0.684131
0.067864
0.246613
0.560087
0.015956
0.323225
0.829061
0.278918
0.392469
0.104953
0.290687
0.299615
0.286402
0.105843
0.151563
0.378602
0.334742
0.949765
0.015902
0.557559
0.071099
2.012894
0.285383
0.414673
0.008385
0.414661
0.565825
1.399597
0.162751
0.389064
0.284472
0.011781
0.550791
0.866435
0.597117
0.600426
0.177853
0.353184
0.067690
0.926305
0.595211
0.419071
0.174027
0.070762
0.709964
0.405327
0.543822
0.141377
0.260265
0.592566
1.253077
0.386468
0.564193
0.217957
0.053798
0.590578
1.244346
0.755951
0.500131
0.108343
0.193011
0.034190
0.123017
2.207251
1.100546
1.233542
0.580715
0.104521
0.273862
0.839870
0.016164
0.062579
0.239877
0.197077
0.143580
0.075024
1.065086
1.218623
0.243577
0.169121
0.466837
0.181236
0.872404
0.166576
0.535557
1.310928
1.873559
0.427075
0.613522
0.469053
0.733041
0.013730
0.561543
2.182152
0.007550
0.415106
1.163668
0.605244
0.698540
0.195914
0.362345
0.767382
0.291540
1.134527
0.058404
0.587906
0.018292
2.379567
0.463209
0.273703
0.163145
0.118446
0.646580
0.054754
0.340868
0.241420
0.015775
0.318077
1.577081
0.669514
0.041315
0.648223
0.724056
0.701279
0.625488
0.757002
0.191419
0.478842
0.328814
0.036693
1.410044
2.985127
0.966382
0.240813
1.122331
1.683343
0.038254
1.329341
1.572385
0.566112
0.216555
0.134154
1.097348
0.040122
0.207041
0.241337
0.308167
0.231105
0.960520
0.270132
0.057150
1.350433
0.077686
1.031772
0.580594
0.974832
0.529171
0.002487
0.321129
0.072449
0.039371
0.267471
0.070976
1.336630
0.796091
0.013364
1.133944
1.020776
1.565579
0.959998
0.396878
0.183972
0.046452
0.286763
0.243028
0.279109
0.855553
0.932268
0.799454
0.558713
0.152202
1.181661
0.465362
0.260725
0.754547
0.173092
0.153276
0.282693
0.176612
0.669546
0.418220
0.233644
0.082563
0.600466
0.181400
1.485343
0.646329
0.112037
0.854366
0.572526
0.027828
0.228454
2.284707
0.077074
0.812851
0.234672
0.422716
0.487172
0.123987
0.229837
0.175091
0.328945
0.160381
1.157187
1.096409
0.027383
0.107705
0.082683
0.331943
0.338017
1.105156
0.026649
1.000021
0.021739
0.695129
0.092529
2.370966
0.323560
0.230770
0.830847
0.086131
0.275671
0.097366
0.080012
0.418139
1.960311
0.369559
0.073848
0.461572
0.677562
0.352425
1.142233
0.126893
0.757567
0.803080
0.059696
0.896425
2.490518
0.153914
0.191853
0.331312
0.084382
0.231470
0.214756
0.110222
0.064803
0.365028
0.104815
0.455661
1.093761
3.631258
0.705803
0.186714
0.096940
1.172357
1.053133
0.085047
0.278077
0.007869
0.711783
0.092367
0.368480
0.535476
0.249463
0.179521
0.305011
0.351960
0.072611
0.298731
0.735523
0.302419
1.361305
1.299191
0.869794
0.166668
0.065877
1.459073
0.808704
0.187390
0.392602
0.584614
0.186880
0.178496
0.000512
0.334814
0.114296
1.057351
0.517138
0.498395
1.126642
0.258474
0.803752
0.269252
0.031459
0.106863
0.632985
0.364534
0.598313
0.959356
1.712269
0.315652
0.183392
1.160032
0.250198
0.070464
0.102408
0.364027
0.040288
2.163415
0.885132
0.485622
0.563790
0.076325
1.273033
0.565371
0.496683
0.067313
0.406571
0.160232
0.707132
0.300269
0.566369
0.406538
1.011960
0.671293
0.691029
0.440821
0.148174
0.295951
0.289108
0.126742
1.231546
0.685493
0.067132
0.184473
1.050197
0.186143
0.873461
1.550621
0.176650
0.532689
0.429477
1.821334
0.797207
0.344583
0.526376
0.278124
0.489035
0.116320
0.603375
0.239712
0.538003
0.237956
1.385240
0.374233
0.062505
0.579670
0.059846
0.234190
0.071377
0.401379
0.455517
0.024523
0.176948
0.642830
0.220339
0.096576
0.017490
0.100501
0.070005
0.201740
0.908515
0.613869
0.182517
0.503196
0.114739
1.571541
0.031528
0.883091
0.089810
0.717618
0.117782
0.867096
0.075774
0.079640
0.215673
0.149294
0.896529
0.311039
0.499999
1.699340
0.007598
0.130690
0.007275
0.187807
1.534625
0.231688
0.335474
2.208065
0.402524
0.483039
0.192778
0.247498
0.197613
0.491421
0.012603
0.379135
0.436860
0.044962
0.223565
0.687215
0.941743
0.422467
0.422536
2.235488
0.632317
1.268136
0.141645
0.400597
0.242263
1.055236
0.364688
0.254657
0.057611
0.379894
0.622789
0.032203
1.166925
0.112198
0.025802
0.304414
0.858592
0.231194
0.936827
0.079440
2.757771
1.025250
0.567263
0.432063
1.577122
0.019872
0.196964
0.818071
0.470010
1.132021
0.789537
0.198032
0.848887
0.020689
1.052869
0.112148
1.258835
0.252119
0.458162
0.014294
1.317410
0.187157
0.047463
0.889954
0.359993
0.075908
0.169388
0.202985
0.357774
0.071818
0.327512
0.353676
0.002570
0.086580
0.044762
1.641114
0.110300
0.264860
0.729918
0.823418
0.183579
0.412266
0.072154
0.066314
0.460769
0.006351
0.196618
0.368493
0.262679
1.296094
0.398843
0.205433
0.135499
0.511089
0.092124
0.694395
0.759440
0.304062
0.044029
0.172739
0.445099
0.416047
0.802650
0.451381
0.643423
1.080559
0.407101
1.274381
0.175512
0.196324
0.653119
0.462330
1.087065
0.995867
0.650138
0.335093
1.044399
0.027056
0.004940
0.167611
1.904227
0.409879
0.486093
0.121163
0.111354
0.780361
1.688101
1.973675
0.140946
0.025707
0.159286
0.901120
0.477228
0.037353
0.280729
0.206878
1.570812
2.157389
0.150999
0.145725
0.186521
2.293802
0.969508
0.110109
0.959902
0.438172
0.579249
0.653794
0.505811
0.595158
0.007226
0.476204
0.147412
0.505430
0.884184
0.303474
0.277658
0.792890
0.286069
0.556997
0.933221
0.616350
0.353446
0.308376
0.758154
1.377952
0.802583
0.668308
1.282488
0.030833
2.306977
0.133576
0.025450
0.936187
0.282904
1.166473
0.281006
0.062862
0.500542
0.034306
0.841049
0.520456
0.570499
0.035938
0.166313
0.356561
0.371528
0.617338
0.181994
1.609739
0.239684
0.081511
0.552093
1.093072
0.471745
0.298009
0.868918
0.263712
0.103060
0.687535
0.317138
0.097006
1.998269
0.366263
0.011427
0.266979
0.274348
0.301228
0.379496
0.028188
0.365783
0.212231
0.604800
0.111162
0.268270
2.088142
0.617617
1.403167
0.591620
0.007219
1.149286
0.038733
0.090019
0.419801
1.637615
0.746928
0.008632
0.771570
0.102512
0.113689
0.381216
0.532180
0.238803
0.361896
0.095797
0.257357
1.321203
0.453981
0.965036
0.308716
0.527016
0.233969
0.821370
0.217823
0.425547
0.125375
0.206092
0.165842
0.087985
0.016010
0.175929
0.031446
0.056055
0.309373
0.495874
0.035343
0.135167
0.519495
0.963918
0.274304
0.947126
0.245517
0.040225
0.130230
1.167023
0.144947
0.499335
0.891620
0.942963
0.333246
0.173065
0.346356
0.983773
0.052197
0.958442
0.283921
0.193503
0.105814
0.628578
0.329151
0.125673
0.006116
0.391782
0.198973
0.320788
0.094550
0.252545
0.619651
0.853207
0.144565
0.071163
0.551391
0.509567
0.117835
1.138246
0.390650
0.309592
0.376435
0.234280
0.185479
0.007801
0.549321
0.829602
1.042453
0.725805
0.543310
0.184760
0.045356
0.959952
0.012388
0.420812
0.039320
0.018658
0.059513
0.258697
0.356846
0.167395
0.805912
0.124603
0.054347
0.026470
0.217892
0.737123
0.586649
0.414142
0.551921
0.132533
0.012565
0.109945
0.466899
0.203793
0.119683
0.159840
0.078008
0.046362
0.020112
0.822792
0.253324
0.067421
0.540110
0.274056
0.593945
0.666103
0.306789
0.823442
0.075431
1.732976
0.048179
1.410977
0.104952
0.108368
2.418729
0.391077
1.689317
0.573998
0.055903
0.502986
1.235932
0.069975
0.891015
0.369611
0.313066
0.022800
0.795145
0.470547
0.071434
0.902603
0.269697
0.378171
1.631226
0.040268
1.524350
0.534782
0.839617
0.264808
0.311990
1.534336
0.238958
0.406026
1.122288
0.421129
0.694973
1.086219
0.059304
0.630831
0.420624
0.122711
0.216260
0.331213
0.214027
0.100955
0.003470
0.839845
0.129003
0.812401
0.275275
0.223566
0.508897
0.917122
1.108936
0.458539
1.248351
0.928114
0.148635
0.656758
0.147124
0.638897
0.577027
0.503701
0.162452
0.432172
0.114139
0.014361
0.312531
0.189855
0.683503
0.017089
0.381319
0.050607
0.364907
1.067645
0.163622
0.372133
0.594309
0.353117
0.198723
0.063193
1.008856
1.699229
1.596979
0.709822
0.418381
1.046302
0.460575
0.868766
0.467943
0.971921
0.394163
0.172942
0.338323
0.865230
1.024272
0.594998
0.952277
0.204623
0.005894
0.453470
0.230582
0.394041
0.589643
1.092185
0.278499
1.780564
0.265828
0.065300
0.325134
0.674181
0.137980
0.211663
0.613638
0.111664
0.054536
0.159965
0.039945
0.610854
0.051485
0.576867
0.412906
0.515346
1.885022
0.027651
0.313715
0.942025
0.692305
0.190739
0.101595
0.716267
1.223172
0.402963
0.183060
0.465565
0.290604
0.661480
0.430765
0.959159
0.969268
0.028592
0.450063
0.051150
0.256008
0.178617
0.176476
0.350638
0.426883
0.234339
0.117432
0.557427
0.030254
0.737982
0.189370
0.018157
0.872179
0.760060
1.075744
0.427623
0.051827
0.034978
0.204826
0.005962
0.484966
0.514588
0.480833
0.031826
0.236086
0.108599
1.231469
0.132269
0.144381
0.354940
0.200001
0.527090
0.826926
0.493182
0.084547
0.241346
0.000620
0.226979
0.028241
0.030913
0.073284
0.231172
0.050251
1.629537
0.082147
1.938938
0.384364
0.143821
0.024002
1.029882
0.151786
0.550952
0.362025
1.058335
0.653615
1.110817
0.038872
0.516759
0.066199
0.196971
0.082758
0.302283
1.888937
1.625088
0.042103
0.071184
0.210883
0.042778
0.344169
0.254604
0.076548
0.502455
0.733152
0.135621
0.452550
1.267454
0.122230
0.070722
0.093588
0.153089
0.002211
0.283279
1.340503
0.366596
0.187051
0.540785
0.264831
0.244606
0.182054
0.383077
0.623262
0.305994
2.249991
0.584989
0.271469
0.036096
0.863899
0.720002
0.082229
0.192768
0.088430
0.173786
1.537789
1.339187
0.378754
0.398516
0.955462
0.689242
0.571646
0.011510
0.005927
0.578615
0.303744
1.434898
0.114877
0.729164
0.463457
0.479165
0.083775
1.200710
0.082243
1.007814
0.228752
0.075738
0.406404
0.771123
0.117994
0.237982
0.398336
0.224596
0.599706
0.621141
0.532764
0.528446
0.514451
0.103279
0.112699
0.341259
1.364082
1.072934
0.364299
1.463519
0.420450
1.800385
1.102430
0.743498
0.673676
0.340570
0.247490
1.123757
0.258230
0.390538
0.715859
0.735949
0.573871
0.190990
0.406653
1.116793
0.595702
0.055904
0.146993
0.251126
0.849297
1.204901
0.024227
0.307779
0.050899
0.143242
1.543018
0.015977
0.070859
0.319076
1.905935
0.603342
0.293880
1.011067
0.321952
0.101978
0.224386
1.001902
0.041061
0.723999
0.261504
0.916110
0.383365
0.047107
0.085651
0.048300
2.030517
0.960840
0.110239
0.135564
0.142824
0.007518
0.079878
0.175327
0.321782
0.140145
0.393591
0.280097
0.161402
0.565065
1.154471
0.146366
0.237264
0.211608
0.064716
0.957245
0.377049
0.329849
0.632501
0.468764
0.142478
0.066781
0.297419
0.764904
0.120997
0.465425
1.041739
0.110141
0.307557
0.038099
0.285632
0.615319
0.046218
0.437139
0.001837
0.413769
0.878022
0.397635
2.400417
0.054438
0.127801
1.114717
0.220755
0.462376
0.135559
0.325370
0.304360
0.728442
1.626396
0.095408
0.235358
0.117410
0.177439
0.868047
2.460569
0.360445
0.280686
1.013283
0.621337
1.099091
1.420053
0.079250
0.454272
0.015164
0.653584
0.458841
0.449162
0.406740
0.080729
0.439167
0.539178
0.234719
0.324026
0.008462
1.908747
0.626598
0.341719
0.284555
0.328358
0.304822
0.467846
0.972083
0.547922
1.184510
0.570791
0.537133
0.272457
0.058413
0.373975
0.070492
3.601694
0.315786
0.162916
0.453350
0.344694
0.003758
0.109514
0.047631
0.415258
0.212170
0.562566
0.126815
0.637278
0.082630
0.137747
0.599429
1.007710
0.665761
0.071031
0.213997
0.106833
0.673765
0.114756
0.976400
0.520001
1.084745
0.363430
0.034490
2.763864
0.022101
0.110417
2.678072
0.358192
0.323346
0.447541
0.004824
0.330546
0.775885
0.052940
0.024537
0.071892
0.747735
0.158666
0.963343
1.316817
0.359451
0.402410
0.792174
0.142934
0.578011
0.077219
0.290820
0.277026
0.213994
0.177726
0.037324
0.133251
0.845646
0.074588
0.130663
0.979350
0.205290
0.127608
0.231369
0.838212
0.848253
0.239054
0.175965
0.464187
0.327455
0.211224
0.671100
0.148105
0.479169
0.449593
0.102008
0.069162
0.078872
1.942929
0.237264
0.889508
0.065381
0.854191
0.148246
0.318151
0.062773
0.199127
0.609880
1.356807
0.314703
1.364146
0.786701
0.814375
0.087129
0.089028
0.479578
1.877456
0.391699
1.223547
0.435422
0.011972
0.149213
0.192928
0.164272
1.037668
1.222253
0.312352
0.001838
0.030492
0.293538
0.240222
1.105269
0.418073
0.111780
0.079461
0.019046
0.191596
0.322603
0.677543
0.145190
1.428304
0.564656
0.022856
0.685924
0.905975
0.116462
0.225607
0.839025
0.695022
0.161897
0.250986
0.744930
0.382447
0.627274
0.028086
0.263056
0.494466
0.366156
0.266170
0.581078
1.651852
0.790577
0.430839
0.377379
2.610222
0.644556
0.418799
0.187647
0.111528
0.185044
0.416128
0.076847
2.136891
0.470311
1.098340
0.865057
0.850234
0.145159
0.505298
0.420055
0.375998
0.015571
0.209985
0.032638
0.684143
0.253381
0.319608
0.233790
1.243021
1.081693
0.031295
1.060192
0.568667
0.508359
0.263723
0.560310
0.225260
1.889217
2.165084
0.413492
0.168764
0.401222
0.610560
0.159098
0.088000
0.450613
0.050062
1.926513
0.935085
0.657029
0.396066
0.234584
0.717605
1.103888
0.287833
0.354020
0.169567
1.203768
1.063791
0.114313
0.792441
1.419769
0.044082
0.321565
0.433473
0.340884
0.080247
1.427730
0.318781
0.072578
0.351704
0.709178
0.580584
0.117991
0.015450
0.942802
0.815159
0.067167
0.877368
0.524962
0.972367
0.234338
0.012409
0.482359
0.153415
0.310118
0.067510
0.401299
0.232724
0.003601
0.705725
0.091465
1.485259
0.918166
0.512954
0.375908
0.203892
0.779864
0.318346
0.820716
1.294592
1.866210
0.415269
0.473115
0.103063
0.451456
0.308150
2.323119
0.637046
0.169213
0.511434
0.430534
0.541287
0.546739
0.109202
1.298489
0.067987
0.194673
0.324411
0.345854
0.199997
0.132992
0.548987
0.163142
0.038521
0.184072
0.822246
0.262991
0.051454
0.162761
0.121242
0.011485
0.146458
0.755948
0.503254
0.290074
0.234299
0.049671
0.281575
0.049599
0.240371
0.036837
0.556954
0.021952
0.665858
1.012196
1.728172
0.994289
0.105624
0.295109
0.225014
0.367091
0.568691
0.014634
0.800987
0.700178
0.205359
0.464930
0.088677
0.285125
1.073824
0.237278
0.305621
0.073761
0.085600
0.048162
0.430596
0.379077
0.103142
0.003980
0.491624
0.419752
0.041123
0.176649
0.472125
0.843512
0.090496
0.433136
0.566665
0.220016
0.012801
0.020635
1.044086
0.609746
0.035895
0.561332
0.306346
0.260522
0.164238
0.484617
0.918534
0.089098
3.239889
0.176940
0.178608
0.084691
0.247043
1.050721
0.581228
0.429329
1.084243
0.187848
0.077944
1.670577
0.471858
0.704011
0.756007
0.748902
0.203877
0.305853
0.070991
0.223248
0.344583
0.004243
0.033473
0.418832
0.574488
0.369977
1.813043
1.648669
0.077445
0.841263
0.067475
0.076550
0.059469
0.278101
0.176747
0.348585
0.181446
2.101625
0.040756
0.105353
0.177083
0.125915
0.083967
1.198794
1.908259
1.360003
0.578294
0.187603
0.248544
0.851342
0.558877
1.102304
0.875089
0.669210
0.305310
0.355957
0.150961
0.281380
0.319627
0.258837
0.140162
0.456341
0.394886
0.220493
0.012747
0.928379
0.978101
0.199873
0.882681
1.381385
0.366461
0.067977
0.086883
0.560564
0.018425
0.073961
0.468519
0.639388
0.299240
4.681817
0.387644
0.065818
1.101915
0.227605
0.986933
0.212788
1.039646
0.064875
0.750228
0.213315
0.373043
0.010833
1.457994
0.037272
0.237433
1.770596
1.236419
0.135011
0.178717
0.682325
0.095290
0.857475
1.026485
0.202502
0.340723
1.192042
0.317937
0.053976
0.496382
1.268404
0.053928
0.092489
0.022615
2.405686
0.382389
1.178539
0.206600
0.263430
0.013680
0.061333
0.707018
0.402341
0.073598
0.606489
0.489886
0.361706
0.559985
0.388545
0.696243
1.829491
0.167588
1.295558
0.790592
0.085059
0.149263
0.170108
0.033209
0.652112
0.247732
0.591612
0.524195
0.339578
0.992384
0.591629
0.331618
0.253044
0.456927
0.866617
0.821743
0.491768
1.396227
0.414523
0.098484
0.039307
0.154776
0.813259
0.446421
1.406161
0.210526
0.209316
1.227728
0.495012
0.155384
0.616263
0.768249
0.372438
2.876771
0.945662
0.146397
0.245137
0.391359
1.168186
1.062204
0.259955
0.454463
0.227313
0.811201
0.109120
0.104499
0.469870
0.863214
0.068100
0.094858
0.000433
0.113410
0.289044
0.815463
0.788597
0.238183
0.080024
0.072802
0.173462
0.748789
0.257598
0.000793
0.411851
1.314313
3.223116
0.264091
0.100230
0.243843
1.530527
0.044398
0.154930
0.222041
0.572870
0.499518
0.087870
1.052193
0.858424
0.735783
0.602254
1.475387
1.434461
0.603699
0.081634
0.240852
0.351879
1.441943
0.716136
0.529466
0.041464
0.027954
0.280624
0.329081
0.028793
2.338813
0.263834
0.027954
0.256266
0.447836
0.290202
0.218621
0.564487
0.613413
0.623739
0.222088
0.206656
1.035478
0.135069
0.086530
0.516931
1.381414
0.056368
0.442892
0.507935
0.148698
1.751262
0.077270
0.112405
0.656732
0.795713
0.164888
0.769693
0.128006
0.720087
0.920832
0.122035
0.095056
1.130816
0.480630
0.723661
0.204847
1.783752
0.291193
0.021937
0.576870
0.804926
0.240204
0.408766
0.018752
0.388679
0.113356
1.819020
0.520635
0.781416
0.472871
1.172973
0.714261
0.702839
0.055788
0.338096
0.400549
0.244280
0.162130
0.750364
0.081027
0.062999
2.525664
0.194849
0.007153
0.472331
0.045805
0.215661
0.437290
0.376422
0.249840
0.155651
0.199536
0.745260
0.874315
0.227748
0.189260
0.014631
0.207427
1.636653
0.855447
1.509728
1.006312
0.433313
0.612040
1.786682
0.036868
0.148621
0.221918
0.213871
0.017383
0.354673
0.314058
0.014080
0.888256
0.327547
0.509378
1.252424
0.888802
0.125462
0.296458
0.126951
0.336110
0.748825
3.442656
0.189471
0.076699
0.188514
0.210989
0.328673
0.161635
0.089293
0.283652
0.076916
0.679690
0.074784
0.060814
0.841711
0.252136
0.320232
0.088537
0.281255
1.981315
0.495354
0.306236
0.835018
0.057870
0.050987
0.654799
1.408795
0.191997
0.097617
0.089852
0.825889
1.536346
0.089241
0.066027
0.050416
0.324625
0.315516
0.431009
0.700774
0.499164
0.005348
1.133457
0.234750
0.081000
0.005475
0.104711
0.394403
0.330673
0.216338
1.861460
0.312586
1.953913
0.284428
0.161890
0.046721
0.378335
0.003342
0.014951
0.947358
0.101683
0.107800
0.536370
0.074090
0.221118
0.760796
0.133052
0.900800
0.143570
0.833881
0.444277
1.064728
0.862902
0.331909
0.147711
1.779424
0.342599
0.294150
0.364016
1.952362
0.794720
0.339601
0.294109
0.747778
1.307319
0.638764
1.001554
0.305857
0.650860
1.124729
0.183520
1.214967
0.046324
1.678332
0.025479
0.295194
0.686758
0.166564
0.164845
2.810384
0.049718
1.018589
1.049725
1.242193
0.219037
0.071507
1.095306
0.951006
0.431362
0.259844
0.887704
0.234162
1.142726
0.160978
0.081156
0.871707
2.833887
0.007511
0.166101
0.644550
1.200943
0.445647
0.505903
3.092194
0.404868
0.579372
0.293338
0.179631
1.744061
0.644912
0.177044
0.033121
0.451051
0.096588
1.974293
1.488032
0.184751
1.015782
0.804067
1.089790
0.160215
0.497565
0.151134
0.094634
1.180078
0.264397
2.998268
1.162103
0.277209
0.164370
0.492579
0.204019
1.020285
0.152623
0.202472
0.276753
1.489718
0.749871
0.648920
1.254315
0.348069
0.012693
2.028964
0.050340
0.112028
1.654308
0.022909
0.356319
0.892798
0.930629
0.252556
0.056285
0.322034
0.535628
0.163489
0.239375
0.035268
0.161768
0.166048
0.340313
0.406623
1.199554
0.882307
0.278111
0.094528
0.088209
0.954254
0.064734
1.394724
0.432059
0.020441
0.289943
0.462720
0.011518
0.383736
0.815771
2.141790
0.434464
0.188456
0.853276
0.276799
0.619948
1.294971
1.151144
0.229439
0.114001
0.164538
0.286452
0.327242
0.413904
1.328311
0.018785
0.319514
0.710572
0.311347
0.517050
1.264710
0.189315
0.725986
0.978930
1.121113
0.819821
0.177536
0.344002
0.882239
0.899974
0.179620
0.843513
0.268321
0.478318
0.501797
0.917587
0.197562
0.408694
0.674277
0.592757
0.718358
0.010508
0.069933
0.138921
0.438283
0.031119
0.163875
0.028807
0.854361
0.679260
0.602718
0.671997
0.029960
0.313990
0.455698
1.517632
0.158920
1.136101
0.298336
0.053239
0.657653
0.695458
1.238089
0.079439
0.228619
0.398562
2.183629
0.591062
0.057028
0.650423
0.245336
1.020439
0.690147
0.365228
0.059768
0.201948
0.432147
0.248893
0.245733
0.253379
0.072561
0.046447
0.073527
0.107367
0.404886
0.663616
0.078433
0.878163
0.499435
0.451367
1.317823
0.225738
0.212090
0.929794
0.356892
0.623551
0.250141
0.344106
0.260469
0.348008
0.127591
0.789507
0.232224
1.819482
0.187079
0.331004
0.182646
1.107210
1.044990
0.592539
0.170076
0.005730
0.763900
0.276771
0.114478
0.206266
0.087105
0.215252
0.090371
0.784110
1.444415
0.049180
0.084148
0.171282
1.389833
0.546975
0.001360
0.201420
0.088748
0.262761
0.894920
0.245397
0.113184
0.114412
0.224380
0.361501
0.583526
0.550689
0.260009
0.416236
0.224602
0.591804
0.429508
0.078240
0.063302
0.759475
0.329740
0.163417
0.070135
0.522389
0.036490
0.039108
0.677219
0.127626
0.227292
0.569480
1.105401
0.229436
0.005747
0.027240
0.749746
0.930368
0.290698
1.939570
0.025106
0.810916
0.340647
0.669114
0.317487
1.148940
0.180282
0.891643
0.449909
1.056554
1.881093
0.622872
0.539694
0.307766
2.359188
0.782886
0.057076
0.031710
1.006110
0.947843
0.168947
0.131720
0.377121
0.097471
0.457645
0.389420
0.130773
0.236088
0.243476
0.555882
0.219786
0.285002
0.320738
0.947647
0.094471
1.437077
0.691658
0.322067
0.746831
0.209739
0.218495
0.697604
0.028224
0.007160
0.119043
0.023522
0.818126
0.192642
0.056812
0.556762
0.092880
0.250549
1.167535
0.600588
0.423443
0.349377
0.137364
0.808210
1.056611
0.491383
0.319722
0.133835
0.031045
1.458455
0.044178
0.132222
1.101078
0.897341
0.614220
0.546643
0.097054
0.031615
0.269874
0.131537
0.039247
0.495737
0.162359
1.063405
1.485161
0.242802
0.401909
0.062918
0.754367
0.304017
0.850230
0.215439
1.589530
0.029674
0.082116
0.908622
0.574975
0.488908
0.037559
0.680409
0.421715
0.085354
1.863123
0.307355
2.341667
0.574692
0.066246
0.091470
0.682152
0.389564
0.254162
0.857213
0.093264
0.563144
0.603181
0.063280
0.031172
0.145911
0.135326
0.913953
0.616664
0.028031
0.104936
0.549887
0.059471
0.208339
0.351176
0.793565
1.671011
0.430130
0.387219
0.382216
0.661904
0.361756
2.526099
0.644823
0.110400
0.062608
1.111951
1.428542
0.537773
0.171464
0.718787
0.883203
1.691814
0.311077
1.477603
0.013437
0.629940
0.102315
1.004085
0.276684
0.136935
0.028327
0.048280
0.216709
0.251962
0.453945
0.079615
0.223518
0.095322
0.579558
1.126334
1.190020
0.112317
1.096804
0.499952
0.254841
0.003100
0.371062
0.209182
0.546916
0.841567
0.055116
0.340731
0.757712
0.419187
0.291748
0.822017
0.166967
0.493230
0.558236
0.617027
1.007485
0.650325
0.807060
0.123198
0.065904
0.253384
0.227527
0.330795
0.423305
0.026607
0.238093
0.325606
0.145854
0.155535
0.058644
0.528247
0.159771
0.503340
2.575398
1.395074
0.297810
0.051892
0.283443
0.130075
0.548557
1.038787
0.018262
1.498526
0.348449
0.616241
0.537871
0.229867
0.286419
0.307991
0.442075
0.409999
0.974031
1.523729
0.022257
0.279818
0.002176
0.274427
1.188490
0.148770
0.585151
0.009001
1.202223
1.651745
0.528367
1.171129
1.160544
0.053342
0.001236
0.203642
0.200429
0.552269
0.117425
0.227948
0.482087
0.620981
0.038739
0.162628
0.041545
0.357318
0.668843
0.549305
0.036391
0.451931
0.482723
0.060369
0.011932
0.488458
0.384068
1.335019
1.063839
0.127995
1.483974
0.781685
0.104802
0.459400
0.592838
0.047666
0.605654
0.596896
0.277104
0.016493
0.227511
0.503633
0.254221
2.076039
0.212299
0.320391
0.151856
0.277300
2.059809
3.775102
0.048456
0.027728
0.451282
0.621617
0.091769
0.481236
0.204044
0.608366
0.397926
0.121652
1.327160
0.343975
0.003279
0.063206
0.051790
0.603652
0.117657
0.806194
0.253689
0.504135
0.894991
0.720890
0.157310
0.131725
0.688691
0.478427
0.609923
0.004868
0.021244
0.583136
0.004602
0.071914
0.678212
0.462709
0.933822
1.204529
0.125313
0.099587
0.475834
0.735903
0.252553
0.392146
0.155908
0.257999
0.542807
0.228074
0.054960
1.027795
0.091283
0.348599
0.353758
4.639138
0.154293
0.750442
0.131665
0.006683
0.249586
1.376277
0.011616
0.285081
0.490027
0.016327
0.420278
0.228744
0.504973
0.267253
0.162331
0.974023
0.451483
1.108811
0.494346
2.366115
0.285190
1.130822
0.250676
0.051014
0.151974
0.344959
1.736524
0.280158
0.000202
0.323237
0.280076
0.154568
0.145964
0.539977
0.163694
0.519434
0.453943
0.179883
0.042077
0.125086
0.203449
0.523827
0.443926
1.754096
0.032687
1.003802
0.878669
0.536350
0.706981
0.303883
0.523641
0.106294
0.216358
0.022184
0.170194
0.475126
0.390204
0.148855
0.021625
0.390645
0.661368
0.318577
0.825399
2.162705
0.070548
0.045673
0.501083
0.651377
0.246705
0.625232
1.493394
0.643218
0.225389
0.386108
0.591751
0.277694
0.258507
0.368333
0.043906
0.087489
1.880212
0.660584
0.216960
0.198734
0.749341
0.511579
1.417975
0.191624
1.141517
2.057214
0.984994
0.499320
0.303365
0.552282
0.481681
0.441505
0.705177
0.144714
0.188936
0.078562
1.675301
0.153421
1.016847
0.198603
0.810362
0.413847
0.701121
0.115302
0.043999
0.910148
0.228225
0.031450
0.423381
0.633823
0.246283
0.213683
0.222400
0.200448
0.548504
0.148579
0.188399
0.373984
1.097736
0.732270
0.108654
0.353710
0.219469
1.510636
0.710225
0.554273
0.050830
0.642468
1.360520
1.687935
0.026245
0.666734
0.376190
0.817614
1.426986
0.474656
0.515170
0.184703
0.560360
0.120599
0.013872
0.032482
0.412869
0.244214
0.249761
0.129527
0.515688
0.614006
0.703029
0.379834
0.323076
1.499968
0.020028
0.889581
1.158700
0.798900
0.347757
3.141840
0.368017
0.285797
1.661357
0.424464
0.094259
0.339327
0.236780
0.060631
0.055853
0.010271
0.275004
0.756267
0.133709
0.299297
0.924317
0.796621
0.906471
0.134416
0.012635
0.327262
1.431068
0.756714
0.006284
0.271326
0.654770
0.026570
0.143851
0.499193
0.946600
0.695547
0.496667
0.231336
0.103249
0.450215
1.428228
0.221885
0.045130
0.192645
0.319884
0.106596
0.207818
1.129954
1.781542
0.427511
0.212367
0.841533
0.232179
0.100987
0.025607
0.252434
0.544124
2.465314
0.096951
0.563016
0.265151
1.183918
0.649938
0.541745
0.385925
0.430009
0.266182
0.091663
1.471063
0.457343
0.715872
1.102613
1.582004
0.940014
0.117558
0.281349
0.020106
0.398811
0.197240
0.005562
0.066382
0.557411
0.872226
0.342380
0.965198
1.040457
1.113756
0.365013
1.012332
0.035461
0.107703
0.163929
1.840090
1.270548
1.416148
0.359360
0.344643
0.218406
0.569917
0.294675
1.531629
0.291014
0.204049
1.209609
0.170295
0.393298
0.208773
0.198796
0.049473
0.550269
0.207096
0.123293
0.207253
0.089794
0.626451
0.107987
0.020187
0.466374
0.622999
1.190444
0.561956
1.182931
0.103553
0.524590
0.878249
0.068591
0.088607
0.196830
0.328983
0.924254
0.736425
0.285784
0.166873
0.055921
0.212607
0.424799
0.525515
0.581908
1.153684
0.682524
0.219264
0.136958
1.650696
0.592656
0.258748
0.565816
1.097278
0.293097
0.167053
0.459319
0.216231
1.597297
0.353694
0.386265
0.469258
0.203549
0.548824
0.737437
0.539167
0.080343
0.475597
0.281557
0.438297
1.138869
0.384347
1.330854
0.317343
0.103392
0.481009
0.231315
1.339996
1.804003
0.470777
1.125017
0.550172
0.007033
0.424431
0.405780
0.305808
0.969391
0.085260
0.826740
0.844072
0.545088
0.212916
0.275763
3.178080
0.006603
0.108533
0.536622
0.088106
0.827330
0.046425
0.683956
0.612645
0.490483
0.562786
0.096929
0.835273
0.173654
0.395490
0.679908
0.154832
0.085144
0.507913
1.355647
0.093494
0.117858
0.336069
0.494529
0.034201
0.519451
0.286963
1.065380
0.185532
0.765000
0.182053
0.184275
0.796250
0.346879
1.696111
1.586758
0.184915
0.028304
0.607864
0.007798
0.569852
0.238243
0.106412
0.338580
0.558058
0.670280
0.134093
1.396452
1.126323
1.032299
1.029060
0.033832
0.043392
0.224466
0.591267
0.080813
0.003939
0.069740
0.015484
0.191251
1.224695
0.204493
0.491899
0.619347
0.903888
0.448830
0.551885
0.078403
0.521371
0.232518
0.087538
0.198450
0.695002
0.217169
0.856127
0.275283
0.047489
0.028166
0.224813
2.116351
1.314893
0.133574
0.026127
0.005546
0.453331
0.682093
0.087338
0.463142
1.038126
0.105833
1.274402
0.776185
0.373739
0.396966
0.345068
0.225040
0.075652
0.091285
0.354184
0.775412
0.386918
0.551549
0.061381
0.171024
0.010339
1.367203
0.624245
0.058870
2.294787
0.039087
0.050773
1.248989
0.185267
0.079775
1.320991
1.180981
1.112275
0.046635
0.356412
0.727253
0.164125
0.282436
0.404547
0.820612
1.943755
0.027350
0.092370
0.063870
0.124297
0.563865
1.192141
0.711197
0.211096
0.011824
0.024884
0.226953
1.590288
0.716927
0.323066
1.480966
0.906411
0.424890
1.005070
0.079171
0.636418
0.791910
0.026810
0.473179
1.076487
0.412710
0.237675
0.089371
2.519261
1.352062
1.752204
1.806337
2.145244
0.074607
0.048772
0.115591
0.843289
0.000392
1.680066
0.086724
0.012225
0.006958
0.371271
2.025417
0.746785
0.000014
1.335907
0.473681
0.424922
0.797036
0.710815
0.172996
0.447893
0.832705
1.173424
0.322726
0.233274
0.166104
0.509789
0.228132
0.121503
0.469765
0.207283
0.112845
0.688774
0.283091
0.262496
0.413513
0.283781
0.233970
0.639872
0.305552
0.245126
0.141174
0.289767
0.088941
0.141192
0.231585
0.746263
0.853346
0.091731
0.381652
0.058839
0.712165
0.211379
0.007733
0.133878
0.632214
0.176917
1.036367
0.043844
0.360507
0.330192
0.275239
0.628996
0.131430
0.967715
0.066318
0.789462
0.170353
0.344503
0.362520
0.685173
1.083386
0.717077
0.102788
0.024811
0.003865
0.406569
0.867523
0.875024
0.643954
0.221181
1.384308
0.330324
0.605745
1.524543
0.633614
0.272231
0.144245
0.448916
0.350386
0.722698
0.039465
1.309501
0.327081
0.183396
0.763381
0.463598
0.053152
0.037090
0.053940
0.479264
0.850436
2.199776
0.237590
0.001651
0.018399
0.243820
0.410301
0.982117
0.119230
0.167028
0.122452
0.080913
0.729367
1.259543
0.053798
0.332628
0.207237
0.217407
0.040825
0.926109
0.062194
0.083796
0.735350
0.454516
0.309341
0.402596
0.112463
0.412991
0.489738
0.180979
0.098457
0.291669
0.172236
0.407053
0.294633
0.198402
1.431397
0.002556
0.103679
0.084240
0.170601
0.259170
0.181535
0.029108
0.195750
0.260835
0.390893
0.544238
0.711660
0.484869
0.352997
1.043937
0.746091
0.161909
0.320406
0.134898
0.884848
0.561288
0.801381
0.302667
1.914022
1.894877
1.132045
0.157118
0.382175
0.208774
0.454642
0.324331
0.212660
0.767301
0.500252
0.504646
0.104713
1.380477
0.588952
0.359651
0.210219
0.133605
0.096901
0.053975
0.966567
0.573735
1.917005
0.497700
1.599272
0.300295
1.008289
0.777460
0.067379
0.547634
0.139131
0.055086
0.514938
0.074817
0.234181
0.097590
0.327268
1.773014
0.531479
0.876527
0.704515
0.169048
0.310208
1.446313
0.126571
0.083828
0.305763
0.418373
0.246201
0.502092
0.553136
0.139956
0.190058
0.521476
1.038019
0.161065
0.052181
0.676359
0.033171
0.127557
0.261292
0.183428
0.199860
0.025627
0.295356
0.607796
0.128916
1.304450
0.561391
1.067871
0.699468
0.281276
0.092392
0.121303
0.234855
0.249086
0.230839
0.892770
1.600049
0.710687
0.313633
0.495039
0.001385
0.762014
0.161509
1.049173
0.029643
0.235114
0.482222
0.064913
0.458535
0.013079
0.280045
1.328235
0.039403
1.039361
0.501565
0.180525
0.807966
0.184010
0.102222
0.404206
0.669980
0.218181
0.734522
0.059932
0.685162
0.075196
1.452518
0.610758
1.142604
0.264837
0.202985
1.156390
0.107445
0.470431
0.753340
0.144464
2.094823
0.253052
0.233154
0.439932
0.274938
0.808555
0.361767
0.345334
0.564183
0.080222
0.809279
0.324788
0.304524
2.160571
0.016349
0.108007
0.208009
0.809802
0.183532
0.045130
1.420668
0.145503
0.783967
0.915977
0.544863
0.066876
0.675297
0.972672
0.663829
0.366224
0.057142
0.636038
1.241028
0.327618
0.181858
0.207309
0.165788
0.857054
0.910592
1.592812
1.722743
0.510800
0.286688
0.276035
0.492682
0.316072
0.481847
1.706056
0.157748
1.300185
0.027405
0.119271
0.098155
0.931715
0.026766
0.922371
1.754180
0.787610
0.600316
0.610316
0.187206
0.822509
0.276438
0.129862
0.169608
0.653961
0.419830
0.421846
0.398692
0.260698
0.375948
0.364496
0.023698
1.674904
1.422347
0.558877
0.284102
0.410907
0.510846
0.608749
0.332883
0.591025
1.239990
0.545862
0.386324
1.726973
0.352910
0.354908
0.716520
0.114891
0.119904
0.038292
0.006180
0.507958
0.180098
0.178306
0.229075
1.022432
1.019479
1.244710
0.162111
0.254051
0.285153
0.195190
0.225707
0.236199
2.784635
0.796612
1.381212
0.505578
0.347336
0.274941
0.199905
0.269798
0.045699
1.011582
0.243389
0.450260
0.235825
0.079388
0.802062
0.444886
0.124575
0.833581
0.128854
0.370117
0.058927
0.451597
0.250108
1.981899
0.358483
0.555105
0.238513
1.463252
2.534438
0.678651
0.194976
2.297474
0.387588
0.150399
0.491882
0.020483
0.574039
1.557839
0.305466
0.735053
0.866977
0.924327
0.226074
0.111224
2.271774
0.088771
0.777224
0.117799
1.822772
0.008000
0.660065
0.044452
0.471575
0.067623
0.034180
0.065265
0.797298
0.294798
0.035633
0.782041
0.104186
0.248540
0.758469
0.650006
0.527013
0.261041
0.729669
0.203400
0.224997
0.127294
0.055087
0.102764
0.034844
0.315614
0.243251
0.029175
0.498123
0.095532
0.155020
0.463966
0.105234
3.782541
0.585101
0.805708
0.067327
0.704824
1.280447
1.281914
0.112334
2.386776
0.625376
0.246586
0.241642
0.340934
0.062093
0.017666
1.156542
1.078787
0.230175
0.152864
0.057795
0.320523
0.298188
0.097081
1.417834
0.899157
0.132736
0.424383
0.004189
0.346311
0.097209
0.110409
0.345794
1.006388
3.262285
0.490682
0.486634
1.271040
0.397248
0.866858
1.220046
0.151839
0.119565
0.175555
0.705765
0.199845
0.200842
0.535413
0.120314
0.601560
1.267177
0.195061
0.094977
0.230924
0.346075
0.060702
0.114270
0.659612
0.579788
0.119540
0.132240
0.994135
0.264483
0.657665
0.653651
0.263240
0.220661
0.216627
0.200699
1.176972
0.096172
0.139502
0.091306
0.245237
0.387783
1.282874
0.631395
1.021513
0.434242
1.336846
0.422111
0.347675
0.146534
0.679556
1.023903
0.700259
0.973978
0.039136
0.332949
0.392429
0.169793
0.633958
0.261182
0.599860
0.299098
0.073285
0.057168
0.822563
0.334656
0.288712
0.622429
0.543712
0.573043
1.055677
0.025953
0.125308
0.809907
0.729900
0.048279
0.241020
0.599858
0.542578
1.075264
1.526146
0.259817
0.702351
0.612565
0.152378
0.885529
0.106886
0.821272
0.062658
1.209844
0.120016
0.847782
0.224119
0.215185
1.292111
0.092117
0.909063
0.225652
1.061289
0.347161
0.023192
0.711902
0.400553
0.155307
0.411933
0.192012
0.222398
1.438935
0.008881
0.010712
0.878166
1.759230
0.277962
0.435997
0.564487
0.584231
0.265285
1.016673
0.342261
0.376993
0.757414
0.617328
0.212337
0.076227
0.030298
0.157741
0.185286
1.133931
0.502240
0.105322
0.252963
0.568297
1.489357
1.480388
1.460244
0.357093
0.155377
0.182021
0.302711
0.167535
0.197511
0.165280
0.147230
0.698764
0.995207
1.341937
0.291652
0.160855
0.806736
1.387229
0.816363
0.434893
0.520193
0.081625
0.640716
0.611201
0.273385
0.016273
0.460582
0.028258
0.125488
3.453046
0.662202
0.093829
1.470808
0.569922
0.572084
0.120607
2.108905
0.072898
0.345612
0.186695
0.269908
0.701425
0.033281
0.164604
0.578873
0.352958
0.405512
0.333362
0.293458
0.223301
0.034981
0.047509
0.357515
0.780161
0.795114
1.344168
0.862853
0.253804
2.169670
0.022453
0.252972
0.638260
0.121045
0.211014
0.256351
1.134213
0.408913
0.244201
0.016361
0.029688
0.598659
0.298316
0.834999
0.718568
0.654376
0.344139
0.156491
0.168045
2.072958
0.623610
0.518724
0.026564
0.813141
0.085077
0.921548
0.457472
0.046316
0.544766
3.001169
0.039211
0.614712
0.250926
0.795846
1.279077
0.671378
0.110039
0.854843
0.176544
0.438460
0.952809
0.219355
0.165597
0.178771
0.091292
0.022670
0.015461
0.545983
0.187758
0.189818
0.522936
0.013050
1.628965
0.602582
0.883347
0.062780
0.390476
0.279802
0.115631
0.115120
0.277642
0.165569
1.222049
0.859298
0.040775
0.903177
0.409987
0.161383
0.531853
0.972601
0.982323
0.352706
0.119239
0.076418
0.821758
0.238259
0.102932
0.907463
0.022238
0.345696
0.083051
0.589018
0.372098
0.060842
0.249180
0.218468
0.132353
1.362888
0.762895
0.289050
0.075505
0.117003
0.638147
0.027417
0.014882
0.802830
1.099588
0.444437
0.039035
0.392556
0.295226
1.365870
0.025660
0.536615
0.039859
0.971501
0.018932
0.152367
0.591884
0.042049
0.717325
0.938387
0.740908
0.168916
1.628400
0.090311
0.511760
0.107871
0.052544
0.275150
0.501325
0.137163
0.499653
0.218496
0.173555
0.541158
0.083185
0.100678
0.143889
0.129623
0.647879
0.595356
0.089121
0.748804
0.218550
0.137142
0.501282
0.248173
0.349144
0.197960
0.319241
0.153511
0.095493
0.140309
0.400423
0.072712
0.263759
0.106425
0.199793
0.356355
0.477186
1.641652
0.692352
0.141720
0.190279
0.021911
1.192989
0.317238
0.127610
0.086031
0.598918
1.513749
0.962307
0.988133
0.650791
0.116698
0.053402
0.223895
0.457408
0.462996
0.582217
0.036994
1.013339
0.989371
0.189898
0.271742
2.921788
0.647188
0.472089
0.197636
0.134343
0.128057
0.170541
2.107233
0.320048
0.465092
0.014249
0.239630
0.039146
0.146079
0.386996
0.742415
0.114651
0.249531
0.503756
1.350124
0.459473
0.666228
0.173909
0.111865
0.207783
1.999696
0.158580
0.116762
0.927126
0.443105
0.493812
0.917955
0.188232
0.136259
0.091382
0.398514
0.312265
0.304435
0.382379
1.384257
0.031765
0.413509
0.191366
0.073589
0.846402
0.971881
1.205748
0.010566
0.143665
0.393941
1.536528
0.951219
0.165200
0.142172
0.026313
0.485635
0.130141
0.195080
0.884978
0.037683
1.208638
0.305506
1.221659
0.127157
0.594935
0.041779
0.743356
0.087311
0.384148
0.184401
0.051277
0.455342
1.024307
0.268478
0.663279
0.580910
0.158940
0.517720
0.615489
0.369120
0.105436
0.541931
0.233278
0.318844
1.199584
0.275916
0.048743
0.074466
0.687494
1.279025
0.118475
0.536462
0.238811
0.066250
1.070849
0.039242
0.114241
0.534182
0.134403
0.674417
1.674322
0.202618
0.206402
0.903806
0.690464
0.037803
0.370159
0.010594
0.632480
0.131352
0.391548
1.192286
1.116272
1.237591
0.238501
0.809621
0.207726
0.319560
1.409413
0.045573
0.251088
0.082021
0.683460
0.744786
0.161061
0.493966
0.948604
0.326627
0.167096
0.044810
0.124299
0.143143
0.271418
0.408580
0.044364
0.091695
0.498662
0.468176
0.104449
0.214534
0.913099
0.657515
0.148365
0.657862
0.521191
0.505458
0.381432
2.184831
0.057345
0.321223
0.038689
0.349728
0.490799
0.856205
0.162641
1.154696
0.296401
0.068305
0.239283
0.657093
0.120025
0.458690
1.962518
0.500262
0.086434
0.033692
0.804396
0.780053
0.559064
2.228082
0.074697
0.358806
0.636352
0.251699
0.139728
0.228890
0.016076
0.751360
0.218987
0.075411
0.144823
0.280286
0.515211
1.046810
0.142966
1.268010
0.751275
0.595216
0.024862
0.085849
0.278624
0.151851
0.709826
0.261682
1.123258
1.244176
0.319936
0.592254
0.613518
0.078765
0.573633
0.934138
0.536230
0.257436
0.137967
1.159553
0.734265
0.159262
0.568336
0.066419
0.266175
1.333833
0.403170
0.028772
0.823429
0.810245
1.880498
0.439478
0.344685
0.012786
0.678466
1.297308
0.169254
0.347327
0.202334
0.100080
0.270390
0.818512
1.041738
0.066506
1.509922
0.408223
1.755889
0.469556
1.614759
0.118680
0.357353
0.654962
0.330894
0.105224
0.963972
1.135779
0.064124
0.262179
1.526352
1.313535
0.118027
1.326131
0.359227
0.616136
1.547843
0.147216
0.502146
0.138485
0.704879
1.698062
0.275236
0.095280
0.739071
0.177500
0.176946
0.642104
0.971848
0.156128
0.201850
0.849817
0.326482
0.925179
0.396384
1.656193
0.016570
0.257051
0.984557
0.083005
0.830436
0.838827
0.042056
0.010249
0.678750
0.449675
0.652190
0.597759
0.942632
0.224987
1.401530
0.463181
0.199383
0.225256
0.751442
0.053120
0.541652
0.039285
0.868412
0.365270
0.210620
0.084847
0.204436
0.866557
3.404242
1.072833
0.772850
0.016000
0.167717
0.521008
0.101949
0.049910
0.308506
0.154028
0.061246
0.113540
0.976995
0.928781
1.154276
0.612944
0.115527
0.916199
0.185903
0.383026
0.113243
0.046071
0.505227
0.998265
0.089316
0.307971
0.241075
0.353982
0.478484
0.633183
0.200702
0.477049
0.459592
0.062474
0.519700
1.086340
0.723478
0.888301
1.985012
0.127549
0.050416
0.050692
0.279572
1.541811
1.409733
0.199416
0.540450
0.079301
0.092483
1.774073
0.572569
0.232239
0.030537
0.191192
0.134418
0.126049
0.751717
0.481530
0.655010
0.250091
0.205055
0.031366
0.004228
1.386920
0.098168
0.531747
0.867802
1.432157
0.332319
0.816950
0.092044
0.435486
1.157572
0.453715
0.383571
0.921348
1.297385
0.109310
2.223020
0.049471
0.091718
0.554476
0.313438
0.128635
2.205702
0.604448
0.298621
0.725142
0.192648
0.099139
0.086627
0.533808
0.137655
0.091658
0.450394
0.271440
0.863683
0.270176
0.224634
0.183932
0.125701
0.377557
1.100213
0.065931
0.067614
0.276611
1.678327
0.026605
0.485477
1.533329
0.078926
0.777647
0.488443
0.473074
0.007919
0.472577
0.187885
0.313105
0.236506
0.501183
0.518163
0.383885
0.170656
1.085376
0.607767
1.072419
0.181803
0.372954
0.178602
0.549417
0.896335
0.369763
0.109565
0.641380
0.519509
0.195238
0.079870
0.472533
0.235070
0.732481
0.415940
0.368141
0.407981
0.104305
0.071286
0.426070
0.803891
0.295399
0.019831
0.097124
0.041204
0.576211
0.623264
0.229644
0.422028
0.268882
0.144628
1.039211
1.420588
0.400978
0.390021
0.746112
0.038553
0.670461
0.344436
0.637210
0.031822
0.518513
0.201549
0.287012
0.267564
1.134202
1.583320
1.791216
0.044312
0.047557
0.394489
1.079155
0.384847
0.439228
0.031483
0.478490
0.156469
0.742558
2.074374
0.912376
0.105034
0.134198
0.625209
0.070272
0.773102
0.147339
1.183519
0.987195
2.527589
0.258841
0.435612
0.028436
0.025432
1.222734
0.338668
0.311808
0.829938
0.298815
0.286519
1.125226
0.388935
2.005392
0.755086
0.040313
0.417882
0.916771
0.591122
0.901396
0.475541
0.566022
0.560282
0.812652
1.221048
0.245119
1.361039
0.601930
0.514656
0.917868
0.411765
0.505811
0.140256
0.076973
0.588270
0.174208
0.028812
0.101479
0.709807
1.004336
0.501979
0.108073
0.714563
0.095695
0.096952
0.387840
0.144943
0.678795
0.238827
1.450768
0.431235
2.513454
0.487341
0.145033
0.796264
0.383622
0.509862
0.656246
0.134381
0.165680
0.423563
0.796772
1.253111
0.846296
1.402370
0.470907
0.058353
2.698906
0.789376
1.013788
0.987746
0.278732
0.032391
0.486151
0.460062
0.136555
0.088010
0.959280
2.000734
0.389529
0.800345
0.410028
0.382432
0.273166
0.834009
0.201129
1.569098
0.299542
0.032026
0.106791
0.659764
0.501739
2.259965
0.526575
0.298334
1.319643
0.151393
0.409933
1.288914
0.028291
0.279182
0.769415
0.329229
0.337244
0.261412
0.043805
0.653879
0.420307
1.382815
0.621159
0.058108
0.664591
0.157958
0.516860
0.084942
0.042920
1.854757
0.059885
0.380653
0.019138
0.182058
0.154407
0.555775
0.174283
1.243525
0.064092
0.126085
0.098061
0.569432
0.079468
0.132698
0.056961
1.346462
0.628422
0.455970
0.207359
0.803050
0.198623
1.193138
0.666652
0.019951
0.008952
0.319047
0.185529
0.542449
0.494347
0.248999
0.507468
0.675104
1.296456
0.562162
0.023548
0.105904
0.212385
0.207988
0.056991
0.314043
0.414130
0.168306
0.079032
0.619180
0.365852
0.146433
0.514251
0.133522
0.955725
2.006795
0.017137
0.099204
1.103456
0.735028
0.123642
1.191382
0.138397
0.376530
0.421716
1.019060
1.271253
0.116182
0.471497
0.937122
1.070532
0.534347
0.019064
0.129741
2.879719
0.078406
0.593619
0.410534
0.281893
0.919873
0.157478
1.496475
0.049921
1.218843
0.101806
1.470193
1.124848
0.122895
0.067978
0.767464
2.211478
0.212478
0.589207
0.130546
1.040835
0.151907
0.052412
0.796313
0.316821
0.619034
0.515204
0.216789
0.228326
0.570574
0.434184
0.225844
0.873442
0.161000
1.285138
0.148282
0.061900
0.107628
0.115647
0.118789
0.056194
0.247735
0.086355
0.000436
0.469050
0.168253
0.769489
0.453951
0.499754
0.324693
0.875559
0.353844
0.672836
1.301417
0.181079
0.117216
0.505291
1.468407
0.411394
0.001298
0.493778
0.076086
0.227885
0.301834
0.269321
0.170911
0.618644
0.380610
0.330040
1.240398
0.682008
0.445181
0.183390
1.166454
0.446243
1.236495
0.104574
0.235613
0.359025
0.859250
0.960012
0.206788
0.198661
0.449510
0.153708
0.499442
0.809774
1.154544
0.432176
0.225341
1.167766
0.115455
0.350554
0.156863
0.538504
1.265530
0.409136
0.230397
0.301954
0.021452
0.168114
0.110135
0.499143
0.448954
0.053061
0.125420
0.354889
0.170830
0.455174
0.010379
0.058309
0.299840
0.222568
0.288089
0.022522
0.488974
0.036107
0.935583
0.371764
0.522549
0.117141
0.279140
0.963901
0.623835
0.597157
0.360690
0.501541
0.147786
1.073373
0.045281
0.176833
0.092368
0.167233
1.325224
0.716181
0.243037
0.081985
0.157015
0.561002
0.690850
0.171278
0.767277
0.111485
0.523927
0.125775
0.139795
0.159572
0.172707
0.047134
0.799236
1.410184
0.177498
0.127835
0.792247
0.005860
1.279967
0.184712
0.517682
0.098363
0.106599
0.657424
0.323586
0.223675
0.007945
0.260317
0.065018
0.256020
0.407193
0.248329
0.039036
0.182597
0.572043
0.981452
0.352407
0.200833
0.042755
0.692558
0.463201
0.234225
0.915250
0.256931
0.188763
0.074534
0.493653
0.057926
0.081342
0.399377
0.270866
0.792480
0.652257
0.471143
0.373832
0.114814
1.769276
0.390764
0.472123
0.048741
1.432545
0.092032
0.331133
0.009145
0.321279
0.090644
1.050533
1.952386
0.343185
1.604830
0.653852
0.053027
0.202976
0.421086
0.349022
0.522208
0.615015
0.069553
0.708368
0.975462
0.569677
0.096644
0.529073
0.262691
0.770937
0.098878
0.475754
0.707275
0.639571
0.127362
0.948046
0.546434
0.249602
0.203356
0.574222
1.008857
0.346543
0.411109
0.938317
2.837477
0.367166
0.429548
0.051123
0.961499
0.078725
0.457691
0.348512
0.960016
0.653741
0.150168
0.621106
0.263371
0.285630
0.226401
0.852271
0.125005
0.392178
0.282804
1.912288
0.154154
0.534801
0.880183
1.330039
0.025563
0.088478
0.474571
1.243748
0.542579
0.095260
0.721491
0.537528
0.591506
0.207934
0.705118
0.396459
0.332682
0.219679
0.025337
0.207236
0.044443
0.184694
0.025945
0.341127
0.681347
0.267835
0.187469
1.679599
1.588743
0.682568
1.435954
0.126557
0.256672
0.737950
0.083428
0.300147
1.356104
0.727512
0.229617
0.452875
1.407344
0.070788
0.146839
0.502181
0.319559
0.005226
0.099957
1.586910
0.227812
0.131079
0.176532
0.299826
0.387671
0.213882
1.454968
0.166677
0.719336
0.149330
0.142989
0.638392
0.001423
0.106677
1.447381
0.259052
1.655997
0.051773
0.967937
1.137322
1.001132
0.126759
0.339551
0.817500
0.219985
0.687996
0.288812
0.880674
0.709012
0.483750
0.771693
0.066055
0.950495
0.043767
0.427542
0.247175
0.282681
0.367269
0.559688
0.108210
0.753581
1.277044
1.236512
0.760038
0.060726
0.984338
0.102686
0.040563
1.593737
0.021119
1.846230
0.867770
0.154142
0.315572
0.495429
0.485422
0.121309
0.034949
0.298395
1.810360
0.581543
0.134441
0.051012
0.386159
0.192522
0.556981
1.316188
0.696005
0.106607
0.460161
1.459648
1.761333
0.371007
0.989161
0.696728
0.508349
0.640170
1.385819
0.629629
0.570939
1.926852
0.587571
0.351070
0.139918
0.086726
0.071484
1.002458
0.234739
0.112028
0.188987
0.213784
1.095566
0.399831
0.294303
0.277798
1.020488
0.062013
0.218758
0.485800
0.184562
1.561453
0.419146
0.163655
0.326787
0.280402
0.015706
0.062798
0.082029
1.726744
0.898381
0.892160
1.470280
0.372630
0.205162
0.106136
0.577007
0.317235
0.029124
0.030567
0.555110
0.232079
0.261458
0.409042
1.274598
0.955641
2.099606
0.784997
1.732915
0.207269
0.266771
0.162459
0.175010
1.982385
0.406590
0.746144
0.264052
0.442734
1.118268
0.412295
0.405789
0.649759
0.250169
0.349590
0.145662
0.655109
0.592515
1.385162
0.111585
0.694843
2.851027
1.022173
0.065158
0.258649
0.280409
0.022519
0.147844
0.267432
0.903920
0.127274
0.700411
0.143487
0.348725
0.025084
0.131005
0.030247
0.868844
0.511901
0.519483
0.631588
0.113048
0.112838
0.294017
0.453210
0.610442
0.597521
0.197464
0.254824
0.503473
0.373583
0.081342
0.498924
0.252777
0.158949
0.017917
0.874599
0.190163
0.172076
0.137441
0.082646
0.362745
2.553296
0.256933
0.009112
0.021910
0.500268
0.039933
1.008506
0.159477
0.641762
0.438767
0.322607
1.294893
0.014599
0.037083
0.497119
0.647466
0.253544
0.014863
0.223730
1.288817
0.098877
2.419068
0.193475
0.300513
0.013828
0.079475
0.730752
0.191697
0.244939
1.265787
0.898994
0.240021
0.194516
0.956718
0.275925
1.546182
1.323864
0.171995
0.129189
0.527961
1.040750
0.607259
0.430301
1.171871
0.745004
0.116021
0.497282
0.094602
0.134839
2.347882
0.050701
0.268759
2.035635
0.270045
1.010795
0.005137
0.415361
0.504845
0.199253
1.513765
0.406117
0.088993
0.202338
1.053601
0.007797
0.707191
0.894964
1.447137
0.024589
0.031323
0.454148
1.283570
0.721689
0.095509
0.878034
0.386637
0.239800
0.305685
0.620463
0.480310
0.297338
0.823345
0.016855
0.282116
0.127199
1.154824
0.291183
0.777672
0.384337
0.735059
0.674399
0.048534
1.352629
0.038039
1.769006
1.484249
0.886506
0.814710
1.118775
1.052555
1.000061
0.336741
0.808264
0.495174
0.545250
0.495359
0.091393
0.022981
0.045008
1.051609
0.542748
0.382152
0.577989
0.594401
1.684063
1.203240
0.453316
0.261256
0.599909
0.071064
0.097443
0.289195
0.127444
0.058390
0.359186
0.109032
0.030320
0.209757
4.523555
1.519518
0.124745
0.999626
0.291867
0.011232
0.339737
0.056103
0.526205
0.539654
0.081884
0.667778
0.386211
0.839199
0.158268
0.126387
0.355392
0.135168
0.071488
0.055387
0.516197
0.891825
0.135477
0.859958
0.158161
0.310270
1.337826
0.765383
0.536869
2.301419
0.067488
0.536696
1.424481
0.213139
0.369823
0.242485
0.230447
0.007980
0.337089
0.010196
0.563510
0.512894
0.707703
0.120469
0.303314
0.014459
0.287653
1.655967
0.154201
0.422790
0.035433
1.199695
0.257641
0.182470
0.654936
0.560189
0.730741
0.541296
0.305759
0.277893
0.526715
0.438220
0.044160
0.449909
1.335401
0.467290
1.900248
0.178397
0.487864
0.315617
0.193028
0.177684
0.058015
0.040302
0.359945
0.415475
0.055994
1.504524
0.375303
0.232070
0.368396
0.453582
0.164635
1.288651
1.161878
0.005377
0.455484
0.554639
0.557341
0.028464
0.050785
0.195220
0.509544
0.099905
1.242033
0.421845
0.776441
1.123277
1.019967
0.265043
0.224945
0.105503
0.619852
0.319191
0.155763
0.126624
0.018445
0.233896
0.095814
0.415214
0.683130
0.594935
0.087457
0.012911
0.483477
0.032304
0.018430
0.122711
0.659818
0.615790
0.159390
0.884068
0.015957
1.215440
0.005259
1.478314
0.328813
0.801792
0.923349
0.216842
0.118033
0.114420
0.390567
1.267896
0.564121
0.829803
0.078050
0.623469
0.101305
0.192032
0.162003
1.317936
0.007380
0.287437
1.537772
0.503124
0.346363
2.303792
0.955397
0.132345
0.598984
0.066767
0.031953
0.653931
0.018873
0.037561
0.565994
0.365905
1.024727
0.366830
1.023371
0.042488
0.644395
0.266330
0.001135
0.256075
0.125993
0.079376
0.060187
0.260562
0.313403
0.247284
0.203602
0.327305
0.878359
0.170068
0.060952
0.198138
0.163108
1.702660
0.410190
1.876311
0.048148
0.485957
0.612337
0.068969
0.592102
0.242055
0.521791
0.416441
1.169656
0.365585
0.520178
0.494434
1.341291
0.523395
0.014610
0.083830
0.794156
0.076697
0.411066
0.151522
0.380043
1.126886
0.676988
0.222959
0.101257
0.970903
0.580683
0.309647
0.866818
0.141631
0.288322
1.233519
1.013687
0.077956
0.022505
0.413145
0.375515
0.588537
0.068216
0.282576
0.118162
0.744065
0.030793
0.076628
0.275081
0.046346
0.175807
0.123509
0.131159
0.972296
0.327258
0.720072
0.697066
0.125576
0.065550
1.368814
0.040958
0.829870
0.252879
1.161442
0.029074
0.901422
0.849610
1.293855
1.944539
0.987308
0.333874
0.354289
0.402606
0.476831
1.401579
0.720866
0.246229
3.512033
1.179956
0.835713
0.045857
0.112836
0.015691
0.191632
0.030392
0.357901
0.042493
0.832808
0.660807
0.114294
0.685609
0.835513
0.007128
0.077248
0.625804
0.036632
1.915780
0.378714
2.696540
1.583379
0.249049
0.329459
0.313227
1.453138
0.051161
0.259511
0.616878
0.332902
0.258763
0.476444
0.177026
0.338285
0.847482
0.199534
0.830391
1.041195
0.917090
1.110428
0.579649
0.426132
0.050367
0.283254
0.243471
0.058257
0.428598
0.052376
0.099608
0.403689
0.497913
0.096840
0.358550
0.011581
0.537450
1.893790
1.724420
0.705151
0.240833
0.565083
0.138582
0.771484
0.172229
0.388516
0.162793
0.057027
1.017374
0.046006
2.041921
0.618149
1.940980
0.553500
0.166405
0.039098
0.053763
0.552201
0.102406
0.565976
0.730603
0.227716
0.131703
0.254269
0.390339
0.680128
0.273677
0.111930
0.637832
0.246935
1.567531
0.054351
0.034547
0.110681
1.100266
0.221705
0.671243
0.091452
0.313628
0.468363
0.147224
0.298103
0.191094
0.133579
0.063095
0.459055
0.185289
0.124552
0.156888
0.341464
1.141869
0.019039
0.985527
0.069440
0.286339
0.257580
1.032071
0.974238
0.462120
0.450488
0.142010
0.410116
0.596729
0.188445
0.709912
0.441047
0.557621
0.343630
0.699663
0.074313
0.055544
0.004165
0.442410
0.274760
0.139026
0.611688
0.011890
0.401935
1.303640
0.173234
0.024212
0.869667
0.200373
1.192771
1.539893
0.726573
0.185935
0.877532
0.488652
1.225095
0.273167
1.023677
0.320650
0.062645
0.102242
0.131746
0.608435
0.972794
0.652237
0.305398
2.670179
0.897354
0.313095
0.436636
0.148259
0.615703
0.169966
0.164320
0.150907
0.120684
0.425387
0.183937
0.019791
1.167013
0.121518
2.469647
0.553214
0.373603
0.857244
0.173318
0.289940
0.137795
0.089480
1.223388
0.222078
0.214465
0.078365
0.032258
0.115267
1.034741
0.366527
0.112258
0.614770
2.097731
0.765114
1.664486
0.590542
0.037198
0.140034
1.535000
0.168536
0.849634
0.151482
0.196485
0.636979
0.324212
0.191210
0.246771
0.001724
0.074097
0.573602
0.293024
0.237899
0.936501
0.220732
0.668270
0.108539
0.348547
0.804035
0.256266
0.235577
0.192307
0.460803
0.043483
0.181363
0.243582
0.024313
2.953013
0.305626
0.172464
1.506498
0.680258
0.057656
0.119275
0.035438
0.883602
0.584562
0.244055
0.123417
0.590135
0.371118
1.157363
0.073254
1.164274
0.688261
0.339807
0.510561
1.429530
2.665129
0.289495
0.210569
0.231713
0.711111
1.457729
0.302722
0.032560
0.201326
0.348206
0.031109
0.777437
0.788386
0.005621
0.379917
1.162779
0.126420
0.458995
0.657380
1.219601
2.167347
1.499779
0.465161
0.357538
0.953241
0.677118
0.266713
0.456825
0.133968
0.027343
0.390028
0.130812
0.339379
1.082808
0.459492
0.144893
0.889347
0.028414
0.188892
0.088725
0.406950
0.234957
1.511864
0.215570
0.243979
0.330472
0.145513
0.470202
0.044041
2.066478
0.369386
0.036936
1.360230
0.068410
0.436202
0.769847
1.019067
2.697741
0.242657
0.055338
0.024953
1.302628
0.203962
0.389826
0.834160
1.374802
0.787544
0.514419
2.371667
0.056938
0.817825
0.397218
0.329446
0.706432
1.143336
1.015124
0.137344
0.081789
0.325261
0.196155
0.072434
0.000263
0.251854
0.035759
0.068712
1.903139
0.964040
3.140449
1.810278
0.136606
0.054294
0.011078
0.090272
0.288011
0.414309
1.877957
0.234136
0.220306
0.482739
0.227229
0.311801
0.276148
1.223063
1.464645
0.099792
0.835039
0.844409
0.273329
1.643938
0.173708
0.684472
0.051310
0.174081
0.076191
0.091091
0.274450
0.063411
0.010675
0.272833
0.048443
0.150682
0.370584
0.060663
0.277020
1.626135
0.565984
0.257080
0.204158
0.017275
0.010712
0.602718
0.344527
0.294907
0.475713
0.293956
0.492416
0.277195
0.150402
0.024394
0.245711
0.402896
0.788103
0.332548
0.939580
1.363476
0.528245
0.157148
0.027593
0.559586
0.585980
0.078930
1.356343
0.120199
0.150745
0.222377
0.096185
1.389399
0.715678
0.356909
1.785041
0.762116
0.118284
0.317247
0.129244
0.869995
1.228512
0.963033
0.143878
0.095633
1.160869
0.508470
0.649788
0.593950
0.066238
0.427403
0.496749
0.748952
0.930013
0.575075
0.298783
0.382399
0.884340
0.241843
0.689673
0.047006
0.678389
1.283633
0.014001
0.350112
0.284125
3.762503
0.168253
0.516625
0.316738
0.360279
0.316148
0.241903
0.229274
0.634140
0.407831
0.157147
0.220793
0.167741
1.673853
0.327983
0.981774
0.451386
0.148840
0.608651
0.162842
0.614325
0.136262
0.056813
0.047598
2.163813
0.109785
0.895829
1.204284
0.127285
0.205371
0.210447
0.126937
0.487198
2.198742
0.591215
0.073149
0.304698
0.040081
0.350487
0.096190
0.503501
0.742714
0.379633
1.260955
0.670526
0.006568
0.755554
0.202472
0.157706
0.330153
0.472026
1.904389
0.639799
0.633563
0.035549
0.616618
1.235480
1.161121
0.482095
0.075555
0.136422
1.638360
0.226638
0.987970
1.497265
0.029835
2.989462
0.260658
0.072488
0.347942
0.435261
0.734067
0.160765
0.060100
0.584527
0.006741
0.067514
0.316190
0.212612
0.252770
1.518072
1.577105
0.234718
0.560170
0.563025
0.292842
0.241024
0.447246
0.211729
0.000596
0.657323
0.438548
1.654390
0.050401
0.294736
1.223107
0.083506
0.292458
0.192567
0.170379
1.443124
1.155848
0.030095
0.123703
0.007133
0.688674
0.132352
0.075686
0.121946
0.432494
0.385330
0.092206
0.384228
1.214852
0.923336
0.119103
0.219417
0.127267
0.812642
0.602710
0.128035
0.382402
0.167348
0.104961
0.497751
0.654340
0.054200
0.766873
0.094777
0.274412
0.037924
0.062151
0.195248
0.070469
0.204784
0.205824
1.056854
0.420394
0.324963
0.050263
0.079834
0.007662
0.153294
0.575761
1.309643
0.056184
1.130743
0.165892
0.200990
0.600237
2.031160
0.407001
0.132976
0.155465
0.685745
0.997498
2.914452
0.945247
0.522431
0.093002
0.158297
0.638814
0.168868
0.451506
0.957844
0.487330
1.344828
0.658329
0.106169
0.263826
0.878993
0.206912
0.276883
0.048065
0.011495
0.217213
0.110285
1.253769
0.503548
0.376389
0.480487
0.480530
0.044888
0.951916
1.080315
0.892296
0.627614
1.067715
0.571497
0.225688
0.026456
1.523634
0.044171
0.206360
0.396113
1.384785
1.619947
0.326252
0.553244
0.082520
1.100336
0.343473
0.337676
0.188796
0.444026
0.360516
0.549588
0.772016
0.283065
0.179464
0.189479
0.025521
1.257198
0.256488
1.155133
0.814402
0.132910
0.478237
0.578611
1.229976
1.931702
0.668140
1.008976
0.032832
0.039160
0.267420
0.000433
0.018417
1.119789
0.554555
0.104315
0.763394
0.091383
0.568667
0.051159
0.704435
0.107264
0.722200
0.390511
0.490894
0.033973
0.974164
0.562152
2.092465
0.149727
0.428877
0.777031
0.338834
0.106375
0.321469
0.261079
0.093553
0.118769
0.159988
0.133417
0.168971
0.582489
0.133983
0.194988
0.435620
1.178062
0.357933
0.226542
0.037497
0.105706
0.309570
0.879638
0.241959
0.127902
0.230933
0.004518
0.172228
0.128984
0.576192
0.161600
0.332919
0.150555
0.033489
1.916560
0.300416
0.387220
0.243164
0.486813
0.694089
0.537868
0.970672
0.018973
0.213107
0.048010
0.223270
1.319668
2.867297
1.025499
0.173310
0.035758
0.031977
0.702269
1.135779
0.294924
1.961677
0.155128
0.303104
0.158466
0.340730
0.074657
0.396805
1.963045
0.254336
0.474115
1.592689
0.949730
0.082209
0.210612
0.319936
1.161815
0.001357
0.199589
1.401048
0.215187
0.272953
0.177966
0.163091
0.270171
0.093691
0.423443
0.333223
0.132520
0.197093
0.241701
0.567245
0.182640
0.524996
0.071358
0.430921
0.077848
0.158522
0.066998
0.066458
0.554948
0.669669
0.043377
0.367774
1.101790
0.278308
2.510157
0.784329
0.280678
0.194692
0.656508
0.755475
0.679748
0.015473
0.029676
0.087571
0.112413
0.495611
0.520829
0.284731
1.546662
0.015461
0.059721
0.150989
0.570511
0.140905
0.910891
0.870597
0.364164
1.657552
1.489434
0.103937
0.604745
0.016390
0.616270
0.447318
0.307263
0.605073
0.241377
1.097618
0.012337
0.060469
0.551261
0.729611
0.077967
0.646571
1.317243
0.212117
0.218842
0.428274
0.756834
0.184894
0.465478
1.115052
0.421712
0.168668
0.074288
0.262148
0.058841
0.532613
0.232367
0.031028
0.925886
0.038089
0.048486
0.400912
0.546204
0.400946
0.146070
0.024338
0.290077
0.162664
0.088024
0.057232
0.023175
0.182502
0.897126
1.815987
0.527109
0.104262
0.398045
0.282319
0.343918
0.084052
0.195719
0.034730
0.290862
0.309932
0.322303
0.401578
0.062403
0.938097
0.473706
1.614126
1.263968
0.609839
0.358580
0.439459
0.147988
0.724510
0.500216
0.595994
0.021928
0.789217
0.816196
0.046168
0.052407
0.508452
0.031862
0.695239
0.875803
0.471635
0.100739
0.195664
0.724899
0.353009
0.247923
0.115618
1.726928
1.005238
0.710515
0.044803
0.623968
0.231646
0.023589
0.501305
0.039233
0.408161
0.122853
0.201480
0.195149
0.948985
0.014223
0.227895
0.516173
0.893635
0.302801
0.679998
0.318261
0.362825
0.340987
0.176466
0.067703
0.564834
0.485396
1.112906
0.101213
0.006118
0.051830
0.082219
1.052839
0.972467
0.135471
0.447191
0.129253
0.166633
0.126943
0.180672
0.920578
0.291759
0.503823
0.089869
0.172793
0.543788
0.378112
1.374627
0.342144
2.093829
0.568722
1.696926
0.347383
0.095425
0.153124
0.493688
0.950576
1.081468
0.366430
0.017222
1.137362
0.481083
0.102583
0.746743
0.322121
0.274806
0.228289
0.606564
0.612509
0.446741
0.003007
0.396610
0.016695
0.512103
0.622614
0.196547
0.181121
0.138991
0.151269
0.803313
0.129066
1.410229
0.725913
0.651558
0.060613
0.015051
0.219844
1.672917
1.230594
1.040642
3.295186
0.835235
0.339786
0.101740
0.442460
1.722657
0.466897
1.537440
0.555605
0.187847
0.393264
0.564796
0.985929
0.430683
0.191182
0.425400
1.163696
0.485953
0.845367
0.089270
0.273292
0.022040
0.054869
0.103471
0.737976
0.123012
0.122048
0.068025
0.100976
0.070352
0.001217
0.100136
1.433185
0.342191
0.227542
0.377882
0.311534
1.797629
0.330972
0.072249
0.168250
0.014575
0.834005
0.079226
0.465886
0.069132
0.635525
0.355244
0.694690
0.382944
0.557530
0.094278
0.431614
0.748133
0.222191
0.215115
2.569044
0.428265
0.323937
0.097397
0.613144
0.326266
0.221964
0.524504
1.841903
0.643847
0.099264
0.288640
0.596418
0.545643
0.425625
2.019214
0.590364
0.242658
0.069006
0.177688
0.360391
0.943171
0.824310
0.153533
0.241811
0.326761
0.286567
1.630575
0.147739
0.792431
0.186472
0.143811
0.231328
0.775913
0.278393
0.040069
0.155587
0.769583
0.648640
0.138725
0.356200
1.186443
0.571068
0.115446
0.423154
0.146503
0.104466
0.153228
0.508717
0.190967
0.413955
0.082500
0.090662
0.231593
0.269360
0.398464
0.950274
0.957809
0.357640
0.056214
0.521740
0.863664
0.220256
0.009165
0.471292
0.764495
0.050007
1.051026
0.420459
0.862705
0.063963
0.040724
0.652244
0.807086
0.167312
0.178118
0.028246
0.320223
0.414646
0.591115
0.781284
0.067727
0.933820
1.564497
0.343985
0.151917
0.352131
0.213793
0.060952
0.008304
0.302803
0.718877
0.912284
0.831814
0.758665
0.298095
0.450449
1.043244
0.197922
0.088655
0.598296
0.296171
0.137679
0.277969
0.142452
0.372319
0.647604
0.180370
3.116384
0.171105
2.792439
0.776621
0.269340
0.921815
0.682613
1.226047
0.054782
0.143977
0.151774
0.123297
0.155084
0.629498
1.983803
0.055683
0.373918
0.717290
0.404259
0.064147
0.507589
1.065872
0.166260
0.204315
0.199001
0.370734
0.717545
0.429309
0.024952
0.334779
1.056366
0.023921
0.752239
1.041077
0.901372
0.108052
0.631325
0.433549
0.057277
0.859827
0.886083
0.231050
0.020106
0.050857
0.045018
0.010354
0.112886
0.474294
0.762272
0.706488
0.660474
0.272313
0.507989
0.008066
0.704028
1.694990
0.387818
0.364167
0.391036
0.443691
0.002684
0.273776
0.503906
0.764437
0.176181
0.317568
1.898665
0.007086
0.025630
0.044856
0.900733
1.060148
0.304262
1.037156
1.879981
0.390386
1.126194
0.098504
0.084008
0.565255
1.369753
1.093638
0.051057
0.425895
1.170567
0.956812
0.387873
0.292928
0.230814
0.042879
0.016075
0.235079
0.350408
0.549239
0.086176
0.806708
0.073530
0.073025
0.843336
0.103344
0.125316
0.524638
0.034531
0.565884
0.371343
0.022209
0.123901
0.271518
0.125683
0.234319
0.050546
0.085785
0.151854
0.107354
0.656539
0.090584
0.023377
0.157800
0.469621
0.268432
0.217575
0.511819
0.781559
0.971240
0.183605
1.486349
0.535663
0.293579
0.044263
0.319625
0.498238
0.182939
0.065123
0.597923
2.066039
0.519633
0.675460
0.113724
0.033767
1.651945
0.430880
0.088043
0.064439
0.914749
0.219002
0.955030
0.002612
0.255709
0.065383
0.476331
0.845804
0.322569
0.147186
0.466077
0.201780
0.413153
0.404987
2.278588
0.003226
0.510619
0.309781
0.507026
1.461837
0.438463
0.203838
1.331166
0.130829
0.039416
0.071734
0.175155
0.019924
0.621067
0.305308
0.087167
0.400075
0.834756
0.005992
0.405908
0.119139
0.072218
0.093307
0.014094
0.470676
0.276899
0.502683
1.423332
2.194026
0.104879
1.340247
2.558594
0.883252
0.249853
0.498833
0.746571
1.891169
1.691676
0.611322
0.116254
0.021386
0.913797
0.349570
0.042199
0.399735
1.609076
0.137823
0.053331
0.738399
0.145732
0.535188
2.056734
0.244956
0.878265
0.005754
2.942692
0.145574
0.518569
1.399940
0.137330
0.900151
1.022629
0.133402
0.545056
0.153224
1.002864
0.289156
0.137992
0.890422
0.078155
0.297676
1.033262
2.064629
1.514316
1.542932
0.382148
1.212881
0.108598
0.504627
0.574776
0.297156
0.173100
0.549612
0.902053
0.063909
0.567089
0.893680
0.233071
0.195667
0.738725
0.474344
0.086342
0.514218
0.938423
0.864161
1.184247
0.623033
0.151617
0.079822
0.392488
0.260673
0.453398
0.269994
0.247299
0.396818
0.232253
1.291958
0.307530
0.418257
0.410526
0.076933
0.007476
0.957509
0.829009
0.949288
1.799475
0.334517
0.574138
0.211735
0.834707
0.303116
1.584805
1.757280
0.051034
0.817142
0.786690
0.001708
0.364153
0.027878
0.081827
0.031546
0.308565
0.687475
0.325415
0.950879
0.174743
0.948366
0.746308
0.701907
0.269547
0.204170
1.136295
0.282433
0.104071
0.612835
0.165491
0.087508
0.107982
1.670502
0.352392
0.002948
0.271672
0.311591
1.867313
0.363072
0.156447
0.732182
0.366610
0.770765
0.865819
0.555247
0.938953
0.166699
0.270429
0.196875
0.072056
0.623617
0.096440
1.200795
0.314658
0.448419
0.140303
0.226277
0.011996
0.283330
0.036521
0.182273
0.449641
0.153721
0.157415
0.052082
0.157734
0.584437
0.413555
0.141626
0.115029
0.889999
0.007783
0.645770
0.480263
0.911474
0.251889
0.312182
0.065035
0.839684
0.780029
0.147976
0.373496
1.680444
0.090523
2.499375
0.407588
0.264051
0.221002
0.435115
0.925305
0.279037
1.088564
0.286348
0.589419
0.085228
0.382773
1.647290
0.935414
0.051354
0.117600
0.026446
1.322329
0.127467
0.749551
0.395136
0.032794
0.094628
0.005367
0.102560
2.132010
0.806103
0.291364
0.358868
0.725893
0.467265
0.352001
0.195254
0.008830
0.992613
1.173959
0.984360
0.171485
0.782867
0.175745
2.028645
1.476201
0.889763
1.455885
0.789430
1.321770
0.084332
0.933155
0.975476
0.239211
0.486399
0.258875
0.293245
0.790917
0.267915
0.496010
0.757829
0.121271
0.036715
0.172995
1.987414
0.566647
0.799444
0.181565
0.594599
0.540184
0.117188
0.405852
1.506638
0.000001
0.956153
1.355831
1.476218
0.575283
1.056786
0.676580
0.473934
0.017504
0.442013
0.317717
0.267765
0.117140
1.037464
0.977249
0.001634
0.170718
0.334264
0.765311
0.351215
0.408605
0.039565
0.332608
0.134834
1.035572
0.781139
1.343397
0.382308
3.616940
0.334520
0.332141
3.618196
0.207804
0.271443
1.469371
0.011943
0.177000
0.583411
0.505351
0.202128
0.161157
0.056210
0.687516
0.331201
1.975530
0.465110
0.334375
0.157367
0.048845
0.158212
0.745021
0.526927
0.213342
0.150873
1.093623
0.125057
0.026076
0.856499
0.704835
0.025696
0.183706
0.137965
0.025318
0.521404
0.539500
2.819341
0.556061
1.587309
0.577730
0.183490
0.171750
1.617206
0.266798
0.019311
0.294399
0.250663
0.515596
1.348979
0.545754
0.666831
0.114020
0.288952
0.245428
0.400630
0.600989
0.161256
0.740359
0.693582
0.050102
0.375708
0.805500
0.257771
0.733613
0.947517
0.025836
0.280622
0.935821
0.639168
0.245259
0.378807
0.014548
0.567235
0.338473
0.291863
0.629907
1.381036
0.905340
0.222918
1.018177
0.347321
0.050574
0.038119
1.403993
0.330920
0.489936
0.509542
0.713080
0.253057
0.246568
0.965919
1.298268
0.105116
0.149164
0.593565
0.020042
0.184303
0.066426
1.083242
0.015127
0.358818
0.269473
0.030128
0.105671
1.195548
0.347235
1.186482
0.933165
0.205579
0.154969
0.627293
0.909663
0.225264
0.776079
0.751501
0.938027
0.266238
0.269452
0.466435
0.830410
0.819705
0.309665
0.664929
2.702925
0.635835
0.281402
0.017710
0.014168
0.404610
1.264249
0.029737
0.034616
0.205383
0.061772
0.148794
0.140737
0.479701
0.089676
0.047506
1.539515
0.281671
0.818519
0.784775
0.788497
0.450275
0.421287
0.511119
0.003263
2.134805
0.141704
0.847828
0.784912
0.616329
0.401488
0.774237
0.279413
2.019821
0.863629
0.304457
0.385221
0.678271
0.360566
0.463273
0.041315
0.497147
0.988351
0.196253
0.141775
0.012999
0.268308
0.112128
0.304734
0.124693
2.463455
0.143684
0.842013
0.412940
1.103530
0.859847
0.397217
0.073534
0.507228
0.207820
0.932965
0.104994
0.068202
0.159668
0.094252
1.495257
0.653606
0.617205
0.589134
0.139345
0.187765
0.738102
1.032733
0.095913
0.050537
0.063993
0.111705
0.358116
0.193585
0.534392
0.658628
0.188276
1.184039
0.395386
1.043441
0.795592
0.228946
0.275902
1.352130
0.002398
0.722326
0.753278
0.107954
1.111339
0.026540
0.227848
0.920747
0.759621
0.038974
0.381365
0.012324
0.245562
0.181997
1.139378
0.413468
0.256446
0.008941
0.719481
1.218909
0.206810
0.271847
0.517508
0.528530
0.197070
0.106154
0.375866
0.065086
0.408980
1.523946
0.028357
0.414429
0.630647
0.896270
0.708673
0.468750
1.082105
0.065987
0.298749
0.548729
0.110713
2.049842
0.586608
0.441774
0.170209
0.443631
0.080847
0.585214
0.465628
1.215918
0.461173
1.447397
0.201378
0.141974
0.454675
0.535398
0.288552
0.067146
0.755521
2.929668
0.040717
0.899258
0.411172
0.792175
0.551189
0.191541
0.258181
0.402686
0.291591
0.959094
0.123821
0.511526
0.905621
1.203917
0.128861
0.066809
0.344785
0.236195
0.843273
0.054991
0.170270
0.270004
0.025036
0.483975
0.545993
0.519303
0.162452
0.054310
0.738586
0.029198
0.052723
0.948305
1.109027
0.540400
0.517597
0.409467
1.929691
0.024677
0.059492
0.273053
1.157748
0.201388
0.031631
0.669385
0.138224
0.170186
0.993552
0.673028
0.546788
0.566214
0.928579
1.535199
0.049914
1.116171
0.426348
0.712431
0.386935
0.952374
0.991656
0.185889
1.192242
1.641220
0.087425
0.802332
0.487940
0.818043
0.221694
0.460725
0.960075
0.317740
0.011561
0.702632
0.809381
0.043957
0.339159
0.022176
0.233129
0.219592
0.764203
0.019182
0.016876
0.493093
2.368525
0.068595
0.366700
0.416172
1.093085
0.030142
0.269023
0.693229
0.230221
0.195763
0.623274
0.376886
0.065634
0.204468
0.203737
0.328079
1.387912
0.104181
1.512866
1.616478
1.430462
0.699860
0.022875
0.285743
0.796580
0.270106
0.782117
0.433556
0.303497
0.868466
0.115865
0.295520
1.519692
0.648348
0.005642
0.915633
0.768718
0.278725
0.445592
0.083656
0.695768
0.180008
0.575178
1.037027
0.508026
0.009157
0.219628
0.428634
0.115483
0.183335
0.384194
0.080682
0.031095
0.434894
0.438933
0.972502
3.198923
0.235068
0.287104
0.301972
0.110962
0.515977
1.149281
0.081942
0.231221
1.208534
2.352392
0.084402
0.206358
0.434678
0.185089
0.046857
1.073276
2.471327
1.659088
0.368123
0.005536
0.192291
0.050890
0.122467
0.492053
0.501214
0.228059
0.580014
0.120382
1.503827
0.392122
0.119324
0.197022
1.965743
0.547791
0.371903
0.489183
0.416494
0.563286
2.586433
0.323198
0.549514
0.081058
0.841593
0.142233
0.307210
1.170014
0.070032
0.300658
1.010421
0.527474
0.310805
0.103341
0.690280
0.569975
0.838185
0.240289
0.023769
0.346045
0.452609
2.907780
0.021979
0.824749
0.194817
0.011835
0.320761
0.939945
0.521306
0.019766
0.370382
0.513330
0.361628
0.105395
0.783802
0.199530
0.287807
0.144175
0.132455
0.420056
0.606020
0.052781
0.124312
0.090360
0.169068
1.731893
0.933770
0.052597
0.215594
1.112458
0.457297
1.457631
1.098855
0.514069
0.700529
0.118899
0.547887
0.128850
0.030422
0.187846
0.154578
0.436473
1.550383
0.758804
0.739945
0.686079
0.058162
0.117847
2.894955
0.209684
0.753248
0.600908
0.292342
3.232041
1.000072
0.653964
1.707607
0.619249
0.884424
0.190919
0.460783
0.280001
0.152722
0.337700
0.036887
0.008506
0.606481
0.667493
0.139884
0.717144
0.025660
0.356650
0.210795
0.002511
0.171766
0.061838
0.696057
0.255874
0.197493
0.689942
0.679517
0.055257
0.296872
0.102780
0.054387
0.187295
1.235087
0.036392
0.011435
0.683051
0.245178
0.490034
0.095394
0.526049
0.061514
0.140394
0.550804
0.853102
1.999039
1.213537
0.433943
0.016093
0.273814
1.289551
0.018687
0.623127
0.020667
0.775901
0.059940
0.228486
0.384503
0.969194
0.318788
2.076126
0.021388
0.427239
0.175986
1.576820
0.517385
0.192324
0.605673
0.016408
1.441417
1.043318
0.574552
0.030824
0.064319
0.215964
1.052819
0.053991
0.152210
0.306608
0.071952
0.576211
0.241080
0.093595
0.252545
0.274994
1.595233
0.356188
0.779955
0.341968
0.227527
0.151413
0.326622
0.261669
0.903235
0.748824
0.226879
0.327405
0.050272
0.034658
0.359482
0.020243
1.431163
0.108968
0.052383
0.032841
0.395453
1.901493
0.090718
0.827780
0.286430
0.178307
0.339764
0.853637
0.318073
1.102247
0.138327
0.280637
0.254760
0.016018
1.294415
0.723666
0.173222
0.259208
0.094530
0.068809
0.099763
0.385044
0.469559
0.161852
0.463165
0.064924
0.190055
0.395777
0.191064
0.268652
0.471358
0.998135
0.249921
0.748857
0.559164
0.884402
0.039693
0.090952
0.522210
0.395919
0.028821
1.102672
1.875524
0.303694
1.271156
1.158337
0.124250
0.120473
0.182595
0.249032
0.209796
0.333562
1.324808
1.515286
0.720593
0.381053
0.038161
0.041455
0.041787
0.248030
0.341841
0.586574
0.147343
1.097398
0.314587
1.318386
0.633070
0.391848
0.049759
0.228000
0.047306
0.081694
0.147839
0.034557
0.465659
0.097575
1.723821
0.874341
0.248302
0.160182
0.123136
0.662299
0.715505
0.079857
0.578867
0.371469
0.571173
0.712070
0.462984
0.715870
0.081471
0.052179
0.300481
0.260096
2.199725
1.254706
0.203234
0.611744
0.309920
0.279945
0.037353
0.401752
0.433115
0.198717
0.482508
0.102549
0.351848
0.442399
0.005747
1.134826
0.987784
0.130501
0.498130
0.486761
0.236872
0.190297
0.079226
0.030015
0.039429
0.693923
0.855654
0.128214
0.946846
0.158100
0.499541
0.907619
0.105219
1.687534
0.391535
0.527402
0.250860
0.477234
0.114067
1.824407
1.431825
0.865816
0.086826
0.297272
0.263992
0.093671
0.211436
0.158400
0.255879
1.856181
1.121095
0.752297
0.172744
0.020572
0.904419
0.229397
0.781988
0.532869
0.450877
0.511079
1.306003
0.128044
0.324454
0.061866
0.106417
0.010296
0.730773
0.441213
0.504429
1.789647
0.410718
0.431736
0.792639
0.635787
0.013424
0.114905
1.105684
0.232074
0.323934
0.171956
0.213020
0.231506
0.035695
0.509486
0.264600
1.177238
0.003506
0.112587
0.411153
0.459562
0.921962
0.333931
0.877397
0.192235
0.462639
0.009473
0.207432
0.232370
0.464421
1.843150
0.210650
0.090275
0.402867
0.074781
1.080540
0.433431
0.210974
0.746380
1.508583
0.860386
0.034277
0.176889
0.106403
0.072604
1.382338
0.461420
0.020523
1.441128
0.815416
0.459144
0.393864
0.519283
0.046054
0.232751
1.679443
0.588135
0.247925
0.181775
0.032683
2.752833
0.164066
0.261349
0.087847
0.894798
0.394826
0.023506
0.266113
1.104678
0.860670
0.226093
0.621185
1.092094
0.541960
1.166456
0.011424
